Degree 11
L0 C  1  8  
  L1 H  (1,1,2) (2,2,4) (3,3,5) (4,4,5) (5,5,5) (6,6,5) (7,7,5) (8,8,5) (9,9,5) (10,10,5) (11,11,4)
L0 C  2  8  
  L1 S 1 0 0 4
L0 C  3  8  
  L1 S 2 0 0 4
L0 C  4  8  
  L1 S 3 0 0 4
L0 C  5  8  
  L1 S 4 0 0 4
L0 C  6  8  
  L1 S 5 0 0 4
L0 C  7  8  
  L1 S 6 0 0 4
L0 C  8  8  
  L1 S 7 0 0 4
L0 C  9  8  
  L1 S 8 0 0 4
L0 C 10  8  
  L1 S 9 0 0 4
L0 C 11  8  
  L1 S 10 0 0 4
L0 C  1  7  
  L1 C  2  6  
    L2 H  (1,1,4) (2,2,3) (3,3,4) (4,4,5) (5,5,5) (6,6,5) (7,7,5) (8,8,5) (9,9,5) (10,10,5) (11,11,4)
  L1 C 11  6  
    L2 S 10 1 1 27
  L1 C  3  7  
    L2 C  4  6  
      L3 S 2 0 1 27
    L2 H  (1,1,4) (2,2,2) (3,3,4) (4,4,4) (5,5,5) (6,6,5) (7,7,5) (8,8,5) (9,9,5) (10,10,5) (11,11,4)
  L1 C 10  7  
    L2 S 9 0 1 33
  L1 C  4  7  
    L2 C  3  6  
      L3 S 7 1 1 27
    L2 C  5  6  
      L3 S 3 0 1 27
    L2 C  6  7  
      L3 S 3 0 1 33
    L2 H  (1,1,4) (2,2,4) (3,3,4) (4,4,4) (5,5,4) (6,6,5) (7,7,5) (8,8,5) (9,9,5) (10,10,5) (11,11,4)
  L1 C  9  7  
    L2 S 8 0 1 43
  L1 C  5  7  
    L2 C  4  6  
      L3 S 6 1 1 27
    L2 C  6  6  
      L3 S 4 0 1 27
    L2 C  7  7  
      L3 S 4 0 1 33
    L2 C  8  7  
      L3 S 4 0 1 43
    L2 H  (1,1,4) (2,2,4) (3,3,5) (4,4,4) (5,5,4) (6,6,4) (7,7,5) (8,8,5) (9,9,5) (10,10,5) (11,11,4)
  L1 C  8  7  
    L2 S 7 0 1 55
  L1 C  6  7  
    L2 C  5  6  
      L3 S 5 1 1 27
    L2 C  7  6  
      L3 S 5 0 1 27
    L2 H  (1,1,4) (2,2,4) (3,3,5) (4,4,5) (5,5,4) (6,6,4) (7,7,4) (8,8,5) (9,9,5) (10,10,5) (11,11,4)
  L1 C  7  7  
    L2 S 6 0 1 63
  L1 C  3  6  
    L2 H  (1,1,4) (2,2,3) (3,3,5) (6,6,5) (7,7,5) (8,8,5) (9,9,5) (10,10,5) (11,11,4) (4,5,9) 
  L1 C  4  6  
    L2 H  (1,1,4) (2,2,4) (3,3,4) (4,4,5) (7,7,5) (8,8,5) (9,9,5) (10,10,5) (11,11,4) (5,6,9) 
  L1 C  5  6  
    L2 H  (1,1,4) (2,2,4) (3,3,5) (4,4,4) (5,5,5) (8,8,5) (9,9,5) (10,10,5) (11,11,4) (6,7,9) 
  L1 C  6  6  
    L2 H  (1,1,4) (2,2,4) (3,3,5) (4,4,5) (5,5,4) (6,6,5) (9,9,5) (10,10,5) (11,11,4) (7,8,9) 
  L1 C  7  6  
    L2 H  (1,1,4) (2,2,4) (3,3,5) (4,4,5) (5,5,5) (6,6,4) (7,7,5) (10,10,5) (11,11,4) (8,9,9) 
  L1 H  (1,1,4) (2,2,4) (3,3,5) (4,4,5) (5,5,5) (6,6,5) (11,11,4) (7,8,9)  (9,10,9) 
L0 C  2  7  
  L1 S 1 0 0 76
L0 C  3  7  
  L1 S 2 0 0 76
L0 C  4  7  
  L1 S 3 0 0 76
L0 C  5  7  
  L1 S 4 0 0 76
L0 C  6  7  
  L1 S 5 0 0 76
L0 C  7  7  
  L1 S 6 0 0 76
L0 C  8  7  
  L1 S 7 0 0 76
L0 C  9  7  
  L1 S 8 0 0 76
L0 C 10  7  
  L1 S 9 0 0 76
L0 C 11  7  
  L1 S 10 0 0 76
L0 C  1  6  
  L1 C  2  6  
    L2 C  3  6  
      L3 H  (1,1,4) (2,2,4) (3,3,4) (4,4,4) (5,5,5) (6,6,5) (7,7,5) (8,8,5) (9,9,5) (10,10,5) (11,11,4)
    L2 C  4  6  
      L3 H  (3,3,4) (4,4,5) (7,7,5) (8,8,5) (9,9,5) (10,10,5) (11,11,4) (1,2,8)  (5,6,9) 
    L2 C  5  6  
      L3 H  (3,3,4) (4,4,4) (5,5,5) (6,6,5) (7,7,5) (8,8,5) (9,9,5) (10,10,5) (11,11,4) (1,2,8) 
    L2 C  6  6  
      L3 H  (3,3,4) (4,4,5) (5,5,4) (6,6,5) (7,7,5) (8,8,5) (9,9,5) (10,10,5) (11,11,4) (1,2,8) 
    L2 H  (3,3,4) (4,4,5) (5,5,5) (6,6,5) (7,7,5) (10,10,5) (11,11,4) (1,2,8)  (8,9,9) 
  L1 C 11  6  
    L2 S 10 0 1 107
  L1 C  3 -5  
    L2 C  4 -5  
      L3 C  5 -5  
        L4 C  6 -5  
          L5 C  7 -5  
            L6 C  8 -5  
              L7 C  9 -5  
                L8 R 
              L7 C 10  6  
                L8 S 8 0 1 107
              L7 C 12  7  
                L8 H  (1,1,4) (2,2,4) (3,3,5) (4,4,5) (5,5,5) (6,6,5) (7,7,5) (8,8,4) (9,9,5) (10,10,4) (11,11,4)
              L7 C 23 -5  
                L8 R 
              L7 C 19  7  
                L8 H  (1,1,5) (2,2,4) (3,3,5) (4,4,5) (5,5,5) (6,6,5) (7,7,5) (8,8,4) (9,9,4) (10,10,4) (11,11,4)
              L7 C 31 -5  
                L8 R 
              L7 C 20  7  
                L8 H  (1,1,5) (2,2,4) (3,3,5) (4,4,5) (5,5,5) (6,6,5) (7,7,5) (8,8,4) (9,9,4) (10,10,4) (11,11,4)
              L7 C 31 -6  
                L8 R 
              L7 C 22  7  
                L8 H  (1,1,4) (2,2,4) (3,3,5) (4,4,5) (5,5,5) (6,6,5) (7,7,5) (8,8,4) (9,9,5) (10,10,4) (11,11,4)
              L7 C 23 -6  
                L8 R 
              L7 C 12  6  
                L8 C 13  6  
                  L9 H  (1,1,5) (2,2,3) (3,3,5) (4,4,5) (5,5,5) (6,6,5) (7,7,5) (8,8,4) (9,9,5) (10,10,4) (11,11,4)
                L8 C 14 -6  
                  L9 R 
                L8 C 21 -5  
                  L9 R 
                L8 C 15  6  
                  L9 H  (1,1,5) (2,2,4) (3,3,5) (4,4,4) (5,5,5) (6,6,5) (7,7,5) (8,8,4) (9,9,5) (10,10,4) (11,11,4)
                L8 H  (1,1,5) (2,2,4) (3,3,5) (4,4,5) (5,5,5) (7,7,5) (8,8,4) (10,10,4) (11,11,4) (6,9,9) 
              L7 C 19  6  
                L8 S 2 1 7 145
              L7 C 13 -6  
                L8 R 
              L7 C 18 -6  
                L8 R 
              L7 C 14  6  
                L8 H  (1,1,5) (2,2,4) (3,3,4) (4,4,5) (5,5,5) (6,6,5) (7,7,5) (8,8,4) (9,9,5) (10,10,4) (11,11,4)
              L7 H  (1,1,5) (2,2,4) (3,3,5) (4,4,5) (6,6,5) (8,8,4) (9,9,5) (10,10,4) (11,11,4) (5,7,9) 
            L6 C  9  6  
              L7 S 7 0 1 107
            L6 C 10  6  
              L7 H  (1,1,5) (2,2,4) (3,3,5) (4,4,5) (5,5,5) (6,6,5) (7,7,4) (8,8,5) (10,10,5) (9,11,7) 
            L6 C 12  7  
              L7 H  (1,1,4) (2,2,4) (3,3,5) (4,4,5) (5,5,5) (6,6,5) (7,7,4) (8,8,5) (9,9,4) (10,10,5) (11,11,4)
            L6 C 23 -5  
              L7 R 
            L6 C 18  7  
              L7 H  (1,1,5) (2,2,4) (3,3,5) (4,4,5) (5,5,5) (6,6,5) (7,7,4) (8,8,4) (9,9,4) (10,10,5) (11,11,4)
            L6 C 30 -5  
              L7 R 
            L6 C 19  7  
              L7 H  (1,1,5) (2,2,4) (3,3,5) (4,4,5) (5,5,5) (6,6,5) (7,7,4) (8,8,4) (9,9,4) (10,10,5) (11,11,4)
            L6 C 30 -6  
              L7 R 
            L6 C 22  7  
              L7 H  (1,1,4) (2,2,4) (3,3,5) (4,4,5) (5,5,5) (6,6,5) (7,7,4) (8,8,5) (9,9,4) (10,10,5) (11,11,4)
            L6 C 23 -6  
              L7 R 
            L6 C 12  6  
              L7 C 13  6  
                L8 H  (1,1,5) (2,2,3) (3,3,5) (4,4,5) (5,5,5) (6,6,5) (7,7,4) (8,8,5) (9,9,4) (10,10,5) (11,11,4)
              L7 C 14 -6  
                L8 R 
              L7 C 21 -5  
                L8 R 
              L7 C 15  6  
                L8 H  (1,1,5) (2,2,4) (3,3,5) (4,4,4) (5,5,5) (6,6,5) (7,7,4) (8,8,5) (9,9,4) (10,10,5) (11,11,4)
              L7 H  (1,1,5) (2,2,4) (3,3,5) (4,4,5) (5,5,5) (7,7,4) (8,8,5) (9,9,4) (11,11,4) (6,10,9) 
            L6 C 18  6  
              L7 S 3 1 6 184
            L6 C 13 -6  
              L7 R 
            L6 C 17 -6  
              L7 R 
            L6 H  (2,2,4) (3,3,5) (4,4,5) (5,5,5) (6,6,5) (7,7,4) (9,9,4) (10,10,5) (11,11,4) (1,8,9) 
          L5 C  8  6  
            L6 S 6 0 1 107
          L5 C  9  6  
            L6 H  (1,1,5) (2,2,4) (3,3,5) (4,4,5) (5,5,5) (6,6,4) (7,7,5) (8,8,4) (9,9,5) (10,10,4) (11,11,4)
          L5 C 10  6  
            L6 H  (1,1,5) (2,2,4) (3,3,5) (4,4,5) (5,5,5) (6,6,4) (7,7,5) (8,8,4) (9,9,4) (10,10,5) (11,11,4)
          L5 C 12  7  
            L6 H  (1,1,4) (2,2,4) (3,3,5) (4,4,5) (5,5,5) (6,6,4) (7,7,5) (8,8,4) (9,9,5) (10,10,5) (11,11,4)
          L5 C 23 -5  
            L6 R 
          L5 C 17  7  
            L6 H  (1,1,5) (2,2,4) (3,3,5) (4,4,5) (5,5,5) (6,6,4) (7,7,4) (8,8,4) (9,9,5) (10,10,5) (11,11,4)
          L5 C 29 -5  
            L6 R 
          L5 C 18  7  
            L6 H  (1,1,5) (2,2,4) (3,3,5) (4,4,5) (5,5,5) (6,6,4) (7,7,4) (8,8,4) (9,9,5) (10,10,5) (11,11,4)
          L5 C 29 -6  
            L6 R 
          L5 C 22  7  
            L6 H  (1,1,4) (2,2,4) (3,3,5) (4,4,5) (5,5,5) (6,6,4) (7,7,5) (8,8,4) (9,9,5) (10,10,5) (11,11,4)
          L5 C 23 -6  
            L6 R 
          L5 C 12  6  
            L6 C 13  6  
              L7 H  (1,1,5) (2,2,3) (3,3,5) (4,4,5) (5,5,5) (6,6,4) (7,7,5) (8,8,4) (9,9,5) (10,10,5) (11,11,4)
            L6 C 14 -6  
              L7 R 
            L6 C 21 -5  
              L7 R 
            L6 C 15  6  
              L7 H  (1,1,5) (2,2,4) (3,3,5) (4,4,4) (5,5,5) (6,6,4) (7,7,5) (8,8,4) (9,9,5) (10,10,5) (11,11,4)
            L6 H  (1,1,5) (2,2,4) (3,3,5) (4,4,5) (5,5,5) (6,6,4) (8,8,4) (9,9,5) (11,11,4) (7,10,9) 
          L5 C 17  6  
            L6 S 4 1 5 223
          L5 C 13 -6  
            L6 R 
          L5 C 16 -6  
            L6 R 
          L5 H  (1,1,5) (2,2,4) (4,4,5) (6,6,4) (7,7,5) (8,8,4) (9,9,5) (10,10,5) (11,11,4) (3,5,9) 
        L4 C  7  6  
          L5 S 5 0 1 107
        L4 C  8  6  
          L5 H  (1,1,5) (2,2,4) (3,3,5) (4,4,5) (5,5,4) (6,6,5) (7,7,4) (8,8,5) (11,11,4) (9,10,9) 
        L4 C  9  6  
          L5 H  (1,1,5) (2,2,4) (3,3,5) (4,4,5) (5,5,4) (6,6,5) (7,7,4) (8,8,4) (9,9,5) (10,10,4) (11,11,4)
        L4 C 10 -5  
          L5 S 5 0 4 230
        L4 H  (1,1,5) (2,2,4) (3,3,5) (4,4,5) (5,5,4) (6,6,5) (7,7,4) (8,8,5) (9,9,4) (10,10,5) (11,11,4)
      L3 C  6  6  
        L4 S 4 0 1 107
      L3 C  7 -5  
        L4 C  8 -5  
          L5 C  9 -5  
            L6 S 4 0 3 239
          L5 C 10  6  
            L6 S 8 0 1 107
          L5 H  (1,1,5) (2,2,4) (3,3,5) (4,4,4) (5,5,5) (6,6,4) (7,7,5) (8,8,4) (9,9,5) (10,10,4) (11,11,4)
        L4 C  9  6  
          L5 S 7 0 1 107
        L4 C 10 -5  
          L5 S 7 0 4 248
        L4 H  (1,1,5) (2,2,4) (3,3,5) (4,4,4) (5,5,5) (6,6,4) (7,7,4) (8,8,5) (9,9,4) (10,10,5) (11,11,4)
      L3 C  8  6  
        L4 S 6 0 1 107
      L3 C 10 -5  
        L4 S 6 1 3 253
      L3 C  9  6  
        L4 S 8 0 1 107
      L3 H  (1,1,5) (2,2,4) (3,3,5) (4,4,4) (5,5,5) (6,6,4) (7,7,5) (8,8,4) (9,9,4) (10,10,5) (11,11,4)
    L2 C  5  6  
      L3 S 3 0 1 107
    L2 C  6 -5  
      L3 C  7 -5  
        L4 S 3 0 2 260
      L3 C  8  6  
        L4 S 6 0 1 107
      L3 H  (1,1,5) (2,2,4) (3,3,4) (4,4,5) (5,5,4) (6,6,4) (7,7,5) (8,8,4) (9,9,5) (10,10,5) (11,11,4)
    L2 C  7  6  
      L3 S 5 0 1 107
    L2 C  8 -5  
      L3 S 5 0 2 268
    L2 C  9  6  
      L3 S 7 0 1 107
    L2 C 10 -5  
      L3 S 7 0 2 260
    L2 H  (1,1,5) (2,2,4) (3,3,4) (4,4,5) (5,5,4) (6,6,5) (7,7,4) (8,8,5) (9,9,4) (10,10,5) (11,11,4)
  L1 C  4  6  
    L2 S 2 0 1 107
  L1 C  5 -5  
    L2 S 2 0 1 277
  L1 C  6  6  
    L2 S 4 0 1 107
  L1 C  7 -5  
    L2 S 4 0 1 277
  L1 C  8  6  
    L2 S 6 0 1 107
  L1 C  9  6  
    L2 S 8 0 1 277
  L1 C 10  6  
    L2 S 6 0 1 277
  L1 C 12  6  
    L2 S 6 0 1 277
  L1 C 13  6  
    L2 S 6 0 1 277
  L1 C 14  6  
    L2 S 6 0 1 277
  L1 C 15  6  
    L2 S 6 0 1 277
  L1 C 16  6  
    L2 S 6 0 1 277
  L1 C 17  6  
    L2 S 6 0 1 277
  L1 C 18  6  
    L2 S 6 0 1 277
  L1 C 19  6  
    L2 S 6 0 1 277
  L1 C 20  6  
    L2 S 6 0 1 277
  L1 C 21  6  
    L2 S 6 0 1 277
  L1 C 22  6  
    L2 S 6 0 1 277
  L1 C 23  6  
    L2 S 6 0 1 277
  L1 C 25  6  
    L2 S 6 0 1 277
  L1 C 27  6  
    L2 S 6 0 1 277
  L1 C 29  6  
    L2 S 6 0 1 277
  L1 R 
L0 C  2  6  
  L1 S 1 0 0 322
L0 C  3  6  
  L1 S 2 0 0 322
L0 C  4  6  
  L1 S 3 0 0 322
L0 C  5  6  
  L1 S 4 0 0 322
L0 C  6  6  
  L1 S 5 0 0 322
L0 C  7  6  
  L1 S 6 0 0 322
L0 C  8  6  
  L1 S 7 0 0 322
L0 C  9  6  
  L1 S 8 0 0 322
L0 C 10  6  
  L1 S 9 0 0 322
L0 C 11  6  
  L1 S 10 0 0 322
L0 R 
Q.E.D.
