Degree 10
L0 C 10  6  
  L1 C  9  6  
    L2 C  8  6  
      L3 C  7  6  
        L4 C  6  6  
          L5 C  5  6  
            L6 H  (1,1,4) (2,2,5) (3,3,5) (4,4,4) (5,5,4) (6,6,4) (7,7,4) (10,10,4) (8,9,6) 
          L5 C  1  6  
            L6 S 1 0 5 9
          L5 C  4  6  
            L6 C  3  6  
              L7 H  (1,1,4) (2,2,4) (3,3,5) (4,4,4) (5,5,4) (6,6,4) (7,7,4) (8,8,4) (9,10,7) 
            L6 C  2  6  
              L7 H  (1,1,4) (2,2,5) (3,3,4) (4,4,5) (5,5,4) (6,6,4) (7,7,4) (10,10,4) (8,9,6) 
            L6 H  (1,1,4) (2,2,5) (3,3,4) (4,4,5) (5,5,4) (6,6,4) (7,7,4) (10,10,4) (8,9,6) 
          L5 C  2  6  
            L6 S 5 1 5 17
          L5 C  3  6  
            L6 H  (1,1,4) (2,2,4) (3,3,5) (4,4,4) (5,5,4) (6,6,4) (7,7,4) (8,8,4) (9,10,7) 
          L5 H  (1,1,4) (2,2,5) (3,3,5) (4,4,5) (5,5,4) (6,6,4) (7,8,6)  (9,10,7) 
        L4 C  1  6  
          L5 S 1 0 4 22
        L4 C  5  6  
          L5 C  4  6  
            L6 C  3  6  
              L7 H  (1,1,4) (2,2,4) (3,3,4) (4,4,4) (5,5,4) (6,6,4) (7,7,4) (8,8,4) (9,9,4) (10,10,4)
            L6 C  2  6  
              L7 H  (1,1,4) (2,2,5) (3,3,4) (4,4,4) (5,5,4) (6,6,4) (7,7,4) (8,8,4) (9,10,7) 
            L6 H  (1,1,4) (2,2,5) (3,3,4) (4,4,5) (5,5,4) (6,6,4) (7,7,4) (10,10,4) (8,9,6) 
          L5 C  3  6  
            L6 C  2  6  
              L7 S 4 1 5 31
            L6 H  (1,1,4) (2,2,4) (3,3,5) (4,4,4) (5,5,5) (6,6,4) (7,7,4) (10,10,4) (8,9,6) 
          L5 C  2  6  
            L6 H  (1,1,4) (2,2,5) (3,3,4) (4,4,4) (5,5,5) (6,6,4) (7,7,4) (10,10,4) (8,9,6) 
          L5 H  (1,1,4) (2,2,5) (3,3,5) (4,4,4) (5,5,5) (6,6,3) (7,7,4) (10,10,4) (8,9,6) 
        L4 C  2  6  
          L5 S 4 1 4 38
        L4 C  4  6  
          L5 H  (1,1,4) (2,2,5) (5,5,4) (6,6,4) (7,7,4) (10,10,4) (3,4,9)  (8,9,6) 
        L4 C  3  6  
          L5 S 4 1 4 42
        L4 C  7  7  
          L5 H  (1,1,4) (2,2,5) (3,3,5) (4,4,5) (5,5,5) (6,6,4) (7,8,5)  (9,10,7) 
        L4 C  8  7  
          L5 H  (1,1,4) (2,2,5) (3,3,5) (4,4,5) (5,5,5) (6,6,4) (7,7,3) (8,8,4) (9,10,5) 
        L4 C  9  7  
          L5 H  (1,1,4) (2,2,5) (3,3,5) (4,4,5) (5,5,5) (6,6,4) (7,7,4) (8,8,2) (9,10,6) 
        L4 C 10  7  
          L5 H  (1,1,4) (2,2,5) (3,3,5) (4,4,5) (5,5,5) (6,6,4) (7,8,7)  (9,10,5) 
        L4 C 16  7  
          L5 H  (1,1,4) (2,2,5) (3,3,5) (4,4,5) (5,5,5) (6,6,4) (7,8,5)  (9,10,7) 
        L4 C 27 -5  
          L5 R 
        L4 C 17  7  
          L5 H  (1,1,4) (2,2,5) (3,3,5) (4,4,5) (5,5,5) (6,6,4) (7,7,3) (8,8,2) (9,10,7) 
        L4 C 18  7  
          L5 H  (1,1,4) (2,2,5) (3,3,5) (4,4,5) (5,5,5) (6,6,4) (7,7,4) (8,8,2) (9,9,2) (10,10,4)
        L4 C 19  7  
          L5 H  (1,1,4) (2,2,5) (3,3,5) (4,4,5) (5,5,5) (6,6,4) (7,7,4) (10,10,3) (8,9,5) 
        L4 C 20  7  
          L5 H  (1,1,4) (2,2,5) (3,3,5) (4,4,5) (5,5,5) (6,6,4) (7,8,7)  (9,10,5) 
        L4 C 30 -5  
          L5 R 
        L4 C 18  6  
          L5 H  (1,1,4) (2,2,5) (3,3,5) (4,4,5) (5,5,5) (6,6,4) (7,7,4) (10,10,4) (8,9,4) 
        L4 C 11  6  
          L5 C 11 -6  
            L6 H  (1,1,3) (2,2,4) (3,3,5) (4,4,5) (5,5,5) (6,6,4) (7,7,4) (8,8,4) (9,10,6) 
          L5 C 12  6  
            L6 H  (1,1,4) (2,2,4) (3,3,5) (4,4,5) (5,5,5) (6,6,4) (7,8,7)  (9,10,6) 
          L5 C 13 -6  
            L6 R 
          L5 C 14  6  
            L6 H  (1,1,4) (2,2,5) (3,3,5) (4,4,4) (5,5,5) (6,6,4) (7,8,7)  (9,10,6) 
          L5 H  (1,1,4) (2,2,5) (3,3,5) (4,4,5) (5,5,5) (6,6,4) (7,8,6)  (9,10,6) 
        L4 C 15  6  
          L5 S 4 1 4 78
        L4 C 12 -6  
          L5 R 
        L4 C 14 -6  
          L5 R 
        L4 C 16 -5  
          L5 R 
        L4 C 20 -5  
          L5 R 
        L4 C 28 -5  
          L5 R 
        L4 C 29 -5  
          L5 R 
        L4 H  (1,1,4) (2,2,5) (3,3,5) (4,4,5) (5,5,5) (6,6,4) (7,7,4) (8,8,2) (9,9,2) (10,10,4)
      L3 C  1  6  
        L4 S 1 0 3 93
      L3 C  6  6  
        L4 C  5  6  
          L5 C  4  6  
            L6 C  3  6  
              L7 S 6 0 3 93
            L6 H  (1,1,4) (2,2,5) (3,3,4) (4,4,4) (5,5,4) (6,6,4) (7,7,4) (8,8,4) (9,10,7) 
          L5 C  3  6  
            L6 H  (1,1,4) (2,2,4) (3,3,5) (4,4,4) (5,5,4) (6,6,4) (7,7,4) (8,8,4) (9,10,7) 
          L5 C  2  6  
            L6 H  (1,1,4) (2,2,5) (3,3,4) (4,4,4) (7,7,4) (8,8,4) (5,6,8)  (9,10,7) 
          L5 H  (1,1,4) (2,2,5) (3,3,5) (4,4,4) (7,7,4) (8,8,4) (9,9,4) (10,10,4) (5,6,6) 
        L4 C  4  6  
          L5 C  3  6  
            L6 C  2  6  
              L7 S 4 0 4 106
            L6 H  (1,1,4) (2,2,4) (3,3,5) (4,4,4) (6,6,5) (8,8,4) (5,7,7)  (9,10,7) 
          L5 C  2  6  
            L6 H  (2,2,5) (4,4,5) (6,6,5) (8,8,4) (1,3,7)  (5,7,7)  (9,10,7) 
          L5 C  4  7  
            L6 H  (1,1,4) (2,2,5) (3,3,4) (4,4,4) (5,5,3) (6,6,5) (7,7,4) (8,8,4) (9,10,7) 
          L5 C  6  7  
            L6 H  (1,1,4) (2,2,5) (3,3,4) (4,4,5) (5,5,3) (6,6,4) (7,7,3) (8,8,4) (9,9,4) (10,10,4)
          L5 C  8  7  
            L6 H  (1,1,4) (2,2,5) (3,3,4) (4,4,5) (5,5,4) (6,6,5) (7,7,3) (8,8,4) (9,9,2) (10,10,4)
          L5 C  9  7  
            L6 H  (1,1,4) (2,2,5) (3,3,4) (4,4,5) (5,5,4) (6,6,5) (7,7,4) (8,8,3) (9,10,6) 
          L5 C 10  7  
            L6 H  (1,1,4) (2,2,5) (3,3,4) (4,4,5) (5,5,4) (6,6,5) (7,7,4) (8,8,4) (9,10,5) 
          L5 C 11  6  
            L6 H  (1,1,4) (2,2,5) (3,3,4) (4,4,5) (6,6,5) (8,8,4) (5,7,7)  (9,10,6) 
          L5 C 12 -6  
            L6 R 
          L5 C 20 -5  
            L6 R 
          L5 C 13  6  
            L6 H  (1,1,4) (2,2,5) (3,3,3) (4,4,4) (5,5,4) (6,6,5) (7,7,4) (8,8,4) (9,10,7) 
          L5 C 24 -5  
            L6 R 
          L5 C 14  6  
            L6 H  (1,1,4) (2,2,5) (3,3,4) (4,4,4) (5,5,3) (6,6,5) (7,7,4) (8,8,4) (9,10,7) 
          L5 H  (1,1,4) (2,2,5) (3,3,4) (4,4,5) (5,7,7)  (6,8,8)  (9,10,7) 
        L4 C  3  6  
          L5 C  2  6  
            L6 S 3 1 4 106
          L5 H  (1,1,4) (2,2,4) (4,4,4) (5,5,4) (7,7,4) (8,8,4) (3,6,9)  (9,10,7) 
        L4 C  2  6  
          L5 H  (3,3,4) (4,4,5) (5,5,4) (8,8,4) (1,6,8)  (2,7,8)  (9,10,7) 
        L4 C  6 -6  
          L5 R 
        L4 C  6  8  
          L5 H  (1,1,4) (2,2,5) (3,3,5) (4,4,5) (5,5,4) (6,6,2) (7,7,3) (8,8,4) (9,9,4) (10,10,4)
        L4 C  8  7  
          L5 H  (1,1,4) (2,2,5) (3,3,5) (4,4,5) (5,5,4) (6,6,4) (7,7,2) (8,8,4) (9,9,2) (10,10,4)
        L4 C  9  7  
          L5 H  (1,1,4) (2,2,5) (3,3,5) (4,4,5) (5,5,4) (6,6,4) (7,7,3) (8,8,3) (9,9,4) (10,10,3)
        L4 C 10  7  
          L5 H  (1,1,4) (2,2,5) (3,3,5) (4,4,5) (5,5,4) (6,6,4) (7,7,3) (8,8,4) (9,9,2) (10,10,4)
        L4 C 11  6  
          L5 H  (1,1,4) (2,2,5) (3,3,5) (4,4,5) (5,5,4) (6,6,4) (7,7,3) (8,8,4) (9,10,6) 
        L4 H  (1,1,4) (2,2,5) (4,4,5) (6,6,4) (7,7,3) (8,8,4) (3,5,8)  (9,10,7) 
      L3 C  2  6  
        L4 S 3 1 3 155
      L3 C  5  6  
        L4 C  4  6  
          L5 H  (1,1,4) (2,2,5) (3,3,4) (6,6,4) (7,7,4) (8,8,4) (4,5,8)  (9,10,7) 
        L4 C  3  6  
          L5 H  (1,1,4) (2,2,4) (3,3,5) (4,4,3) (5,5,5) (6,6,4) (7,7,4) (8,8,4) (9,10,7) 
        L4 C  5 -6  
          L5 R 
        L4 H  (1,1,4) (2,2,5) (3,3,5) (4,4,4) (5,5,2) (6,6,4) (7,7,4) (8,8,4) (9,9,4) (10,10,4)
      L3 C  3  6  
        L4 S 3 1 3 165
      L3 C  4 -5  
        L4 R 
      L3 C  4  8  
        L4 H  (1,1,4) (2,2,5) (3,3,4) (4,4,1) (5,5,4) (6,6,5) (7,7,4) (8,8,4) (9,9,4) (10,10,4)
      L3 C  8  7  
        L4 H  (1,1,4) (2,2,5) (3,3,4) (4,4,5) (5,5,4) (6,6,5) (7,7,4) (8,8,4) (9,10,5) 
      L3 C  9  7  
        L4 H  (1,1,4) (2,2,5) (3,3,4) (4,4,5) (5,5,4) (6,6,5) (7,7,4) (8,8,3) (9,10,6) 
      L3 C 10  7  
        L4 H  (1,1,4) (2,2,5) (3,3,4) (4,4,5) (5,5,4) (6,6,5) (7,7,4) (8,8,4) (9,10,5) 
      L3 C 18  7  
        L4 H  (1,1,4) (2,2,5) (3,3,4) (4,4,5) (5,5,4) (6,6,5) (7,7,4) (8,8,3) (9,9,2) (10,10,4)
      L3 C 19  7  
        L4 H  (1,1,4) (2,2,5) (3,3,4) (4,4,5) (5,5,4) (6,6,5) (7,7,4) (8,8,4) (9,9,2) (10,10,3)
      L3 C 28 -5  
        L4 H  (1,1,4) (2,2,5) (3,3,4) (4,4,5) (5,5,4) (6,6,5) (7,7,4) (8,8,2) (9,10,7) 
      L3 C 17  7  
        L4 H  (1,1,4) (2,2,5) (3,3,4) (4,4,5) (5,5,4) (6,6,5) (7,7,4) (8,8,3) (9,10,6) 
      L3 C 16  6  
        L4 C  4  7  
          L5 H  (1,1,4) (2,2,5) (3,3,4) (4,4,4) (5,5,4) (6,6,5) (7,7,4) (10,10,4) (8,9,6) 
        L4 C 12 -5  
          L5 H  (1,1,4) (2,2,5) (3,3,4) (5,5,4) (7,7,4) (8,8,4) (4,6,9)  (9,10,6) 
        L4 C 11  6  
          L5 H  (1,1,4) (2,2,4) (3,3,4) (4,4,5) (5,5,4) (6,6,5) (7,7,4) (8,8,4) (9,10,6) 
        L4 C 12 -6  
          L5 R 
        L4 C 20 -5  
          L5 R 
        L4 C 13  6  
          L5 H  (1,1,4) (2,2,5) (3,3,3) (4,4,4) (5,5,4) (6,6,5) (7,7,4) (8,8,4) (9,10,7) 
        L4 C 24 -5  
          L5 R 
        L4 C 14  7  
          L5 H  (1,1,4) (2,2,5) (3,3,4) (4,4,3) (5,5,4) (6,6,5) (7,7,4) (8,8,4) (9,10,7) 
        L4 C 14 -5  
          L5 H  (1,1,4) (2,2,5) (3,3,4) (4,4,4) (5,5,4) (6,6,4) (7,7,4) (8,8,4) (9,10,7) 
        L4 C 24 -6  
          L5 R 
        L4 C 15  6  
          L5 H  (1,1,4) (2,2,5) (3,3,4) (4,4,4) (5,5,3) (6,6,4) (7,7,4) (8,8,4) (9,9,4) (10,10,4)
        L4 C 16 -6  
          L5 R 
        L4 C 17  6  
          L5 H  (1,1,4) (2,2,5) (3,3,4) (4,4,5) (5,5,4) (6,6,5) (7,7,3) (8,8,3) (9,9,3) (10,10,4)
        L4 C 18 -5  
          L5 H  (1,1,4) (2,2,5) (3,3,4) (4,4,5) (5,5,4) (6,6,5) (7,7,4) (8,9,6) (8,10,7) (9,10,6)
        L4 C 19  6  
          L5 H  (1,1,4) (2,2,5) (3,3,4) (4,4,5) (5,5,4) (6,6,5) (7,7,4) (8,8,3) (9,9,3) (10,10,3)
        L4 C 20  7  
          L5 H  (1,1,4) (2,2,5) (3,3,4) (4,4,5) (5,5,4) (6,6,5) (7,7,4) (10,10,3) (8,9,6) 
        L4 H  (1,1,4) (2,2,5) (3,3,4) (4,4,5) (5,5,4) (6,6,5) (7,7,4) (10,10,4) (8,9,5) 
      L3 C 11  6  
        L4 S 3 1 3 219
      L3 C 12 -6  
        L4 R 
      L3 C 15 -6  
        L4 R 
      L3 C 17 -5  
        L4 R 
      L3 C 20 -5  
        L4 R 
      L3 C 29 -5  
        L4 R 
      L3 H  (1,1,4) (2,2,5) (3,3,4) (4,4,4) (5,5,4) (6,6,5) (7,7,4) (8,8,4) (9,10,6) 
    L2 C  1  6  
      L3 S 1 0 2 232
    L2 C  6  6  
      L3 C  5  6  
        L4 C  4  6  
          L5 S 6 0 2 232
        L4 C  7  6  
          L5 S 7 0 2 232
        L4 C  3  6  
          L5 C  2  6  
            L6 H  (1,1,4) (2,2,4) (3,3,4) (4,4,4) (7,7,4) (8,8,4) (5,6,8)  (9,10,8) 
          L5 H  (1,1,4) (2,2,4) (7,7,4) (8,8,4) (3,6,9)  (4,5,7)  (9,10,8) 
        L4 C  2  6  
          L5 S 6 1 4 244
        L4 H  (1,1,4) (2,2,5) (3,3,5) (4,4,4) (5,5,4) (6,6,4) (7,7,4) (8,8,4) (9,10,6) 
      L3 C  3  6  
        L4 C  4  6  
          L5 S 4 0 3 247
        L4 C  2  7  
          L5 H  (1,1,3) (2,2,4) (3,3,3) (4,4,4) (5,5,4) (6,6,5) (7,7,4) (8,8,4) (9,9,5) (10,10,4)
        L4 C  3  8  
          L5 H  (1,1,4) (2,2,4) (3,3,1) (4,4,4) (5,5,4) (6,6,5) (7,7,4) (8,8,4) (9,9,5) (10,10,5)
        L4 C  6  8  
          L5 H  (1,1,4) (2,2,4) (3,3,5) (4,4,4) (5,5,4) (6,6,1) (7,7,4) (8,8,4) (9,9,5) (10,10,5)
        L4 C  7  7  
          L5 H  (1,1,4) (2,2,4) (3,3,5) (4,4,4) (5,5,4) (6,6,3) (7,7,4) (8,8,3) (9,9,4) (10,10,5)
        L4 C  9  7  
          L5 H  (1,1,4) (2,2,4) (3,3,5) (4,4,4) (5,5,4) (6,6,5) (7,7,4) (8,8,4) (9,10,6) 
        L4 C 10  7  
          L5 H  (1,1,4) (2,2,4) (3,3,5) (4,4,4) (5,5,4) (6,6,5) (7,7,4) (8,8,4) (9,10,6) 
        L4 C 18  7  
          L5 H  (1,1,4) (2,2,4) (3,3,5) (4,4,4) (5,5,4) (6,6,5) (7,7,4) (8,8,4) (9,10,6) 
        L4 C 29 -5  
          L5 R 
        L4 C 19  7  
          L5 H  (1,1,4) (2,2,4) (3,3,5) (4,4,4) (5,5,4) (6,6,5) (7,7,4) (8,8,4) (9,9,3) (10,10,3)
        L4 C 20  7  
          L5 H  (1,1,4) (2,2,4) (3,3,5) (4,4,4) (5,5,4) (6,6,5) (7,7,4) (8,8,4) (9,10,6) 
        L4 C 30 -5  
          L5 R 
        L4 C 13 -5  
          L5 C 14 -6  
            L6 R 
          L5 C  2  6  
            L6 H  (1,1,4) (4,4,4) (5,5,4) (6,6,5) (7,7,4) (8,8,4) (2,3,7)  (9,10,8) 
          L5 C  3  7  
            L6 H  (1,1,4) (2,2,4) (3,3,4) (4,4,3) (5,5,4) (6,6,5) (7,7,4) (8,8,4) (9,10,8) 
          L5 C 23 -5  
            L6 R 
          L5 C  6  7  
            L6 H  (1,1,4) (2,2,4) (3,3,5) (4,4,4) (5,5,3) (6,6,4) (7,7,4) (8,8,4) (9,10,8) 
          L5 H  (1,1,4) (2,2,4) (3,3,5) (4,4,4) (5,5,4) (8,8,4) (6,7,7)  (9,10,8) 
        L4 C 15 -5  
          L5 S 2 1 4 284
        L4 C  3  7  
          L5 H  (1,1,4) (4,4,4) (5,5,4) (6,6,5) (7,7,4) (8,8,4) (2,3,7)  (9,10,8) 
        L4 C  6  7  
          L5 H  (1,1,4) (2,2,4) (3,3,5) (4,4,4) (5,5,4) (8,8,4) (6,7,7)  (9,10,8) 
        L4 C  2  6  
          L5 C  7  6  
            L6 S 7 0 3 247
          L5 C 16 -5  
            L6 S 3 0 4 284
          L5 C 18 -5  
            L6 S 9 1 4 284
          L5 C 11  6  
            L6 H  (1,1,3) (2,2,3) (3,3,4) (4,4,4) (5,5,4) (6,6,5) (7,7,4) (8,8,4) (9,9,5) (10,10,3)
          L5 C 22 -5  
            L6 R 
          L5 C 12  7  
            L6 H  (1,1,4) (2,2,3) (3,3,3) (4,4,4) (5,5,4) (6,6,5) (7,7,4) (8,8,4) (9,9,5) (10,10,4)
          L5 C 13  7  
            L6 H  (1,1,4) (2,2,4) (3,3,3) (4,4,4) (5,5,4) (6,6,5) (7,7,4) (8,8,4) (9,10,8) 
          L5 C 23 -5  
            L6 R 
          L5 C 14  6  
            L6 H  (1,1,4) (2,2,4) (3,3,4) (4,4,3) (5,5,3) (6,6,5) (7,7,4) (8,8,4) (9,9,5) (10,10,4)
          L5 H  (1,1,4) (4,4,4) (5,5,4) (8,8,4) (2,3,8)  (6,7,8)  (9,10,8) 
        L4 C  7  6  
          L5 S 7 0 4 310
        L4 R 
      L3 C  2  6  
        L4 C  2  8  
          L5 H  (1,1,3) (2,2,2) (3,3,4) (4,4,5) (5,5,4) (6,6,5) (7,7,4) (8,8,4) (9,9,5) (10,10,4)
        L4 C  4  7  
          L5 H  (1,1,4) (2,2,5) (3,3,3) (4,4,4) (5,5,3) (6,6,5) (7,7,4) (8,8,4) (9,10,8) 
        L4 C  6  8  
          L5 H  (1,1,4) (2,2,5) (3,3,4) (4,4,5) (5,5,4) (6,6,2) (7,7,4) (8,8,4) (9,10,8) 
        L4 C  7  7  
          L5 H  (1,1,4) (2,2,5) (3,3,4) (4,4,5) (5,5,4) (6,6,3) (7,7,4) (8,8,3) (9,9,4) (10,10,4)
        L4 C  9  8  
          L5 H  (1,1,4) (2,2,5) (3,3,4) (4,4,5) (5,5,4) (6,6,5) (7,7,4) (8,8,4) (9,9,0) (10,10,3)
        L4 C 10  7  
          L5 H  (1,1,3) (2,2,5) (3,3,4) (4,4,5) (5,5,4) (6,6,5) (7,7,4) (8,8,4) (9,10,6) 
        L4 C  9  7  
          L5 C  2  7  
            L6 H  (1,1,3) (2,2,4) (3,3,4) (4,4,5) (5,5,4) (6,6,5) (7,7,4) (8,8,4) (9,9,4) (10,10,3)
          L5 C  4  6  
            L6 H  (1,1,4) (2,2,5) (4,4,5) (6,6,5) (7,7,4) (8,8,4) (3,5,7)  (9,10,6) 
          L5 H  (1,1,4) (2,2,5) (3,3,4) (4,4,5) (5,5,4) (8,8,4) (6,7,8)  (9,10,6) 
        L4 C  6  7  
          L5 H  (4,4,5) (6,6,4) (7,7,4) (8,8,4) (1,3,7)  (2,5,8)  (9,10,8) 
        L4 C 11  6  
          L5 H  (1,1,3) (2,2,4) (3,3,4) (4,4,5) (5,5,4) (6,6,5) (7,7,4) (8,8,4) (9,10,7) 
        L4 C 15  7  
          L5 H  (4,4,5) (6,6,4) (7,7,4) (8,8,4) (1,3,7)  (2,5,8)  (9,10,8) 
        L4 C 26 -5  
          L5 R 
        L4 C 18  7  
          L5 H  (2,2,5) (4,4,5) (5,5,4) (6,6,5) (7,7,4) (8,8,4) (1,3,7)  (9,10,6) 
        L4 C 29 -5  
          L5 R 
        L4 C 19  7  
          L5 H  (2,2,5) (4,4,5) (5,5,4) (6,6,5) (7,7,4) (8,8,4) (9,9,3) (10,10,3) (1,3,7) 
        L4 C 20  7  
          L5 H  (1,1,3) (2,2,5) (3,3,4) (4,4,5) (5,5,4) (6,6,5) (7,7,4) (8,8,4) (9,10,6) 
        L4 C 30 -5  
          L5 R 
        L4 C 20  6  
          L5 C  2  7  
            L6 H  (1,1,2) (2,2,4) (3,3,4) (4,4,5) (5,5,4) (6,6,5) (7,7,4) (8,8,4) (9,9,4) (10,10,4)
          L5 C 22 -5  
            L6 R 
          L5 C  4  6  
            L6 H  (1,1,3) (2,2,5) (4,4,5) (6,6,5) (7,7,4) (8,8,4) (3,5,7)  (9,10,7) 
          L5 H  (1,1,3) (2,2,5) (3,3,4) (4,4,5) (5,5,4) (8,8,4) (6,7,8)  (9,10,7) 
        L4 C  2  7  
          L5 H  (1,1,3) (4,4,5) (5,5,4) (6,6,5) (7,7,4) (8,8,4) (2,3,7)  (9,10,8) 
        L4 C  4 -5  
          L5 R 
        L4 C 22 -5  
          L5 R 
        L4 C  7  6  
          L5 H  (1,1,4) (3,3,3) (5,5,4) (6,6,4) (7,7,4) (8,8,4) (9,9,4) (10,10,4) (2,4,9) 
        L4 C 14  6  
          L5 H  (1,1,4) (2,2,5) (3,3,3) (4,4,4) (5,5,3) (6,6,5) (7,7,4) (8,8,4) (9,10,8) 
        L4 C 24 -5  
          L5 R 
        L4 C 15  6  
          L5 H  (1,1,4) (2,2,5) (3,3,3) (4,4,4) (5,5,3) (6,6,4) (7,7,4) (8,8,4) (9,9,5) (10,10,4)
        L4 C 16  6  
          L5 H  (1,1,4) (3,3,3) (5,5,4) (8,8,4) (2,4,9)  (6,7,8)  (9,10,8) 
        L4 H  (1,1,4) (3,3,3) (5,5,4) (6,6,5) (7,7,4) (8,8,4) (2,4,9)  (9,10,7) 
      L3 C  4  6  
        L4 C  7  6  
          L5 S 5 1 3 375
        L4 C  4  8  
          L5 H  (1,1,4) (2,2,5) (3,3,4) (4,4,2) (5,5,3) (6,6,5) (7,7,4) (8,8,4) (9,10,8) 
        L4 C  6  8  
          L5 H  (1,1,4) (2,2,5) (3,3,4) (4,4,5) (5,5,3) (6,6,2) (7,7,4) (8,8,4) (9,10,8) 
        L4 C  9  7  
          L5 H  (1,1,4) (2,2,5) (3,3,4) (4,4,5) (5,5,3) (6,6,5) (7,7,4) (8,8,4) (9,10,6) 
        L4 C 10  7  
          L5 H  (1,1,4) (2,2,5) (3,3,4) (4,4,5) (5,5,3) (6,6,5) (7,7,4) (8,8,4) (9,10,6) 
        L4 C 11  6  
          L5 H  (1,1,4) (2,2,5) (3,3,4) (5,5,3) (7,7,4) (8,8,4) (4,6,9)  (9,10,7) 
        L4 C 12 -6  
          L5 R 
        L4 C 20 -5  
          L5 R 
        L4 C  4  7  
          L5 H  (1,1,4) (2,2,5) (3,3,3) (4,4,4) (5,5,3) (6,6,5) (7,7,4) (8,8,4) (9,10,8) 
        L4 C  6 -6  
          L5 H  (1,1,4) (2,2,5) (3,3,4) (4,4,3) (5,5,2) (6,6,4) (7,7,4) (8,8,4) (9,9,4) (10,10,5)
        L4 C 13  6  
          L5 H  (1,1,4) (2,2,5) (3,3,3) (4,4,4) (5,5,3) (6,6,4) (7,7,4) (8,8,4) (9,9,4) (10,10,5)
        L4 C 24 -5  
          L5 R 
        L4 C 14  6  
          L5 H  (1,1,4) (2,2,5) (3,3,4) (4,4,4) (5,5,2) (6,6,4) (7,7,4) (8,8,4) (9,9,4) (10,10,5)
        L4 H  (1,1,4) (2,2,5) (3,3,4) (4,4,5) (5,5,3) (8,8,4) (6,7,7)  (9,10,8) 
      L3 H  (1,1,4) (2,2,5) (3,3,5) (4,4,5) (5,5,4) (8,8,4) (6,7,6)  (9,10,6) 
    L2 C  3  6  
      L3 S 2 1 2 404
    L2 C  4  6  
      L3 C  5  6  
        L4 C  2  6  
          L5 C  2  7  
            L6 H  (1,1,3) (2,2,4) (3,3,3) (4,4,4) (5,5,5) (6,6,4) (7,7,5) (8,8,4) (9,10,8) 
          L5 C  4  7  
            L6 H  (1,1,4) (2,2,5) (3,3,3) (4,4,4) (5,5,3) (6,6,4) (7,7,5) (8,8,4) (9,10,8) 
          L5 C  5  7  
            L6 H  (1,1,4) (2,2,5) (3,3,4) (4,4,3) (7,7,5) (8,8,4) (5,6,7)  (9,10,8) 
          L5 C  7  6  
            L6 H  (2,2,5) (4,4,4) (5,5,4) (7,7,5) (9,9,4) (10,10,4) (1,3,7)  (6,8,7) 
          L5 C  9  7  
            L6 H  (1,1,4) (2,2,5) (3,3,4) (4,4,4) (6,6,4) (7,7,5) (5,8,8)  (9,10,6) 
          L5 C 10  7  
            L6 H  (1,1,3) (2,2,5) (3,3,4) (4,4,4) (5,5,5) (6,6,4) (7,7,5) (8,8,4) (9,10,6) 
          L5 C 11  6  
            L6 H  (1,1,3) (2,2,4) (3,3,4) (4,4,4) (5,5,5) (6,6,4) (7,7,5) (8,8,4) (9,10,7) 
          L5 C 22 -5  
            L6 R 
          L5 C 12  6  
            L6 H  (1,1,4) (2,2,4) (3,3,3) (6,6,4) (7,7,5) (8,8,4) (9,9,5) (10,10,4) (4,5,7) 
          L5 C 22 -6  
            L6 R 
          L5 C 13  6  
            L6 H  (1,1,4) (2,2,5) (3,3,3) (6,6,4) (7,7,5) (8,8,4) (4,5,7)  (9,10,8) 
          L5 H  (1,1,3) (2,2,5) (3,3,4) (6,6,4) (7,7,5) (8,8,4) (4,5,8)  (9,10,7) 
        L4 C  7  6  
          L5 S 5 0 4 432
        L4 C  4  7  
          L5 H  (1,1,4) (2,2,5) (3,3,4) (6,6,4) (7,7,5) (8,8,4) (4,5,6)  (9,10,8) 
        L4 C  5  7  
          L5 H  (1,1,4) (2,2,5) (3,3,4) (4,4,3) (7,7,5) (8,8,4) (5,6,7)  (9,10,8) 
        L4 C  9  7  
          L5 H  (1,1,4) (2,2,5) (3,3,4) (6,6,4) (7,7,5) (8,8,4) (4,5,8)  (9,10,6) 
        L4 C 10  7  
          L5 H  (1,1,4) (2,2,5) (3,3,4) (6,6,4) (7,7,5) (8,8,4) (4,5,8)  (9,10,6) 
        L4 C 13  7  
          L5 H  (1,1,4) (2,2,5) (3,3,4) (6,6,4) (7,7,5) (8,8,4) (4,5,6)  (9,10,8) 
        L4 C 24 -5  
          L5 R 
        L4 C 14  7  
          L5 H  (1,1,4) (2,2,5) (3,3,4) (4,4,3) (5,5,3) (6,6,4) (7,7,5) (8,8,4) (9,10,8) 
        L4 C 15  7  
          L5 H  (1,1,4) (2,2,5) (3,3,4) (6,6,4) (7,7,5) (8,8,4) (4,5,6)  (9,10,8) 
        L4 C 25 -5  
          L5 R 
        L4 C 18  7  
          L5 H  (1,1,4) (2,2,5) (3,3,4) (6,6,4) (7,7,5) (8,8,4) (4,5,8)  (9,10,6) 
        L4 C 29 -5  
          L5 R 
        L4 C 19  7  
          L5 H  (1,1,4) (2,2,5) (3,3,4) (6,6,4) (7,7,5) (8,8,4) (9,9,3) (10,10,3) (4,5,8) 
        L4 C 20  7  
          L5 H  (1,1,4) (2,2,5) (3,3,4) (6,6,4) (7,7,5) (8,8,4) (4,5,8)  (9,10,6) 
        L4 C 30 -5  
          L5 R 
        L4 C 11  6  
          L5 C 11 -6  
            L6 H  (1,1,3) (2,2,4) (3,3,4) (4,4,4) (5,5,5) (6,6,4) (7,7,5) (8,8,4) (9,10,7) 
          L5 C 12  6  
            L6 H  (1,1,4) (2,2,4) (3,3,4) (6,6,4) (7,7,5) (8,8,4) (4,5,7)  (9,10,7) 
          L5 C 13 -5  
            L6 R 
          L5 C 15 -5  
            L6 H  (1,1,4) (2,2,5) (3,3,4) (6,6,4) (7,7,5) (8,8,4) (4,5,7)  (9,10,7) 
          L5 C 16  6  
            L6 H  (1,1,4) (2,2,5) (3,3,4) (4,4,4) (5,5,3) (6,6,3) (7,7,5) (8,8,4) (9,10,7) 
          L5 H  (1,1,4) (2,2,5) (3,3,4) (4,4,4) (5,5,4) (6,6,4) (7,7,5) (8,8,4) (9,10,6) 
        L4 C 12  6  
          L5 S 7 1 4 474
        L4 C 16  6  
          L5 S 5 0 4 474
        L4 C 17  6  
          L5 S 2 1 4 474
        L4 R 
      L3 C  2  7  
        L4 H  (1,1,3) (2,2,4) (3,3,3) (4,4,5) (5,5,4) (6,6,5) (7,7,5) (10,10,4) (8,9,7) 
      L3 C  4  8  
        L4 H  (1,1,4) (2,2,5) (3,3,4) (4,4,2) (5,5,4) (6,6,5) (7,10,9)  (8,9,7) 
      L3 C  7  8  
        L4 H  (1,1,4) (2,2,5) (3,3,4) (4,4,5) (5,5,4) (6,6,4) (7,7,2) (8,8,3) (9,9,4) (10,10,5)
      L3 C  9  8  
        L4 H  (1,1,4) (2,2,5) (3,3,4) (4,4,5) (5,5,4) (6,6,5) (7,7,5) (8,8,4) (9,9,0) (10,10,3)
      L3 C 10  8  
        L4 H  (1,1,4) (2,2,5) (3,3,4) (4,4,5) (5,5,4) (6,6,5) (7,7,5) (8,8,4) (9,9,3) (10,10,0)
      L3 C  7 -5  
        L4 C  2  6  
          L5 H  (1,1,4) (3,3,3) (5,5,4) (6,6,5) (7,7,5) (8,8,4) (2,4,9)  (9,10,6) 
        L4 H  (1,1,4) (2,2,5) (3,3,4) (4,4,2) (5,5,4) (6,6,5) (7,7,5) (8,8,4) (9,10,6) 
      L3 C  9  7  
        L4 H  (1,1,4) (2,2,5) (3,3,4) (4,4,5) (5,5,4) (6,6,4) (7,7,5) (8,8,3) (9,10,6) 
      L3 C  2  6  
        L4 C  4  7  
          L5 H  (1,1,4) (2,2,5) (3,3,3) (4,4,4) (5,5,4) (6,6,4) (7,7,5) (10,10,4) (8,9,7) 
        L4 C  7  7  
          L5 H  (2,2,5) (4,4,5) (5,5,4) (6,6,4) (7,7,4) (8,8,3) (9,9,4) (10,10,4) (1,3,7) 
        L4 H  (2,2,5) (4,4,5) (5,5,4) (6,6,4) (7,7,5) (1,3,7)  (8,9,7) (8,10,7) (9,10,7)
      L3 C 10  7  
        L4 H  (1,1,4) (2,2,5) (3,3,4) (5,5,4) (6,6,4) (8,8,4) (4,7,9)  (9,10,6) 
      L3 C  7 -6  
        L4 H  (1,1,4) (2,2,5) (3,3,4) (4,4,4) (5,5,4) (6,6,4) (7,7,5) (8,8,3) (9,10,7) 
      L3 C  4  7  
        L4 H  (1,1,4) (2,2,5) (3,3,4) (4,4,4) (5,5,4) (6,6,4) (7,7,4) (8,8,3) (9,10,8) 
      L3 C 11  6  
        L4 H  (1,1,4) (2,2,5) (3,3,4) (4,4,5) (5,5,4) (6,6,4) (7,7,4) (8,8,3) (9,10,7) 
      L3 C 12 -6  
        L4 R 
      L3 C 20 -5  
        L4 R 
      L3 C 13  6  
        L4 H  (1,1,4) (2,2,5) (3,3,3) (4,4,4) (5,5,4) (6,6,4) (7,7,4) (8,8,3) (9,9,4) (10,10,5)
      L3 C 24 -5  
        L4 R 
      L3 C 14  7  
        L4 H  (1,1,4) (2,2,5) (3,3,4) (4,4,3) (5,5,4) (6,6,4) (7,7,4) (8,8,3) (9,9,4) (10,10,5)
      L3 C 14 -5  
        L4 H  (1,1,4) (2,2,5) (3,3,4) (4,4,4) (5,5,4) (6,6,3) (7,7,4) (8,8,3) (9,9,4) (10,10,5)
      L3 C 24 -6  
        L4 R 
      L3 C 15  6  
        L4 H  (1,1,4) (2,2,5) (3,3,4) (4,4,4) (5,5,3) (6,6,3) (7,7,4) (8,8,3) (9,9,4) (10,10,5)
      L3 H  (1,1,4) (2,2,5) (3,3,4) (4,4,5) (5,5,4) (6,6,4) (7,8,6)  (9,10,8) 
    L2 C  5  6  
      L3 S 2 1 2 528
    L2 C  2  6  
      L3 C  2  8  
        L4 H  (1,1,3) (2,2,2) (3,3,4) (4,4,5) (5,5,5) (6,6,5) (7,7,5) (10,10,4) (8,9,7) 
      L3 C  7  8  
        L4 H  (1,1,3) (2,2,5) (3,3,4) (4,4,5) (5,5,5) (6,6,4) (7,7,2) (8,8,3) (9,9,4) (10,10,4)
      L3 C  9  8  
        L4 H  (1,1,3) (2,2,5) (3,3,4) (4,4,5) (5,5,5) (6,6,5) (7,7,5) (8,8,4) (9,9,0) (10,10,3)
      L3 C 10  7  
        L4 H  (3,3,4) (4,4,5) (5,5,5) (7,7,5) (1,6,7)  (2,8,8)  (9,10,6) 
      L3 C  2  7  
        L4 C  7  7  
          L5 H  (1,1,3) (2,2,4) (3,3,4) (4,4,5) (5,5,5) (6,6,4) (7,7,4) (8,8,3) (9,9,4) (10,10,4)
        L4 C  9 -6  
          L5 H  (1,1,3) (2,2,4) (3,3,4) (4,4,5) (5,5,5) (6,6,4) (7,7,5) (8,8,3) (9,10,7) 
        L4 C  7  6  
          L5 H  (1,1,3) (2,2,4) (3,3,4) (4,4,5) (5,5,5) (6,6,4) (7,7,5) (8,8,3) (9,9,4) (10,10,3)
        L4 C 11  6  
          L5 H  (1,1,3) (2,2,3) (3,3,4) (4,4,5) (5,5,5) (6,6,5) (7,7,5) (8,8,4) (9,9,4) (10,10,2)
        L4 C 12  6  
          L5 H  (1,1,3) (3,3,4) (4,4,5) (5,5,5) (6,6,5) (7,7,5) (2,10,6)  (8,9,7) 
        L4 H  (1,1,3) (2,2,4) (3,3,3) (4,4,5) (5,5,5) (6,6,5) (7,7,5) (8,8,4) (9,10,6) 
      L3 C  7  7  
        L4 S 2 1 3 551
      L3 C  7 -5  
        L4 R 
      L3 C 20 -5  
        L4 R 
      L3 H  (1,1,3) (2,2,5) (3,3,4) (4,4,5) (5,5,5) (6,6,4) (7,7,5) (8,8,3) (9,10,6) 
    L2 C  7  6  
      L3 S 2 1 2 558
    L2 R 
  L1 C  1  6  
    L2 S 1 0 1 561
  L1 C  7  6  
    L2 C  6  6  
      L3 S 7 0 1 561
    L2 C  8  6  
      L3 S 8 0 1 561
    L2 C  4  6  
      L3 C  3  6  
        L4 S 4 0 1 561
      L3 C  5  6  
        L4 S 5 0 1 561
      L3 C  2  6  
        L4 C  2  7  
          L5 H  (1,1,3) (2,2,4) (3,3,3) (4,4,5) (5,5,4) (6,6,4) (8,8,4) (9,9,4) (7,10,9) 
        L4 C  4  8  
          L5 H  (1,1,4) (2,2,5) (3,3,3) (4,4,2) (5,5,4) (6,6,4) (7,7,5) (8,8,4) (9,9,4) (10,10,5)
        L4 C  7  8  
          L5 H  (1,1,4) (2,2,5) (3,3,4) (4,4,5) (5,5,4) (6,6,4) (7,7,1) (8,8,4) (9,9,4) (10,10,5)
        L4 C  7 -6  
          L5 H  (1,1,3) (2,2,5) (3,3,3) (4,4,4) (5,5,4) (6,6,4) (7,7,5) (8,8,4) (9,9,4) (10,10,4)
        L4 C 10  8  
          L5 H  (1,1,3) (2,2,5) (3,3,4) (4,4,5) (5,5,4) (6,6,4) (7,7,4) (8,8,4) (9,9,4) (10,10,2)
        L4 C 15 -5  
          L5 H  (5,5,4) (6,6,4) (9,9,4) (10,10,5) (1,3,7)  (2,4,9)  (7,8,7) 
        L4 C 10  7  
          L5 H  (1,1,3) (2,2,5) (3,3,4) (4,4,5) (5,5,4) (6,6,3) (7,7,4) (8,8,4) (9,9,4) (10,10,4)
        L4 C  4  7  
          L5 H  (1,1,4) (2,2,5) (3,3,3) (4,4,4) (5,5,3) (6,6,3) (7,7,4) (8,8,4) (9,9,4) (10,10,5)
        L4 C 11  6  
          L5 H  (1,1,3) (2,2,4) (3,3,4) (4,4,5) (5,5,4) (6,6,3) (7,7,4) (8,8,4) (9,9,4) (10,10,5)
        L4 H  (2,2,5) (4,4,5) (5,5,4) (6,6,3) (7,7,4) (9,9,4) (1,3,7)  (8,10,8) 
      L3 C  4  8  
        L4 H  (1,1,4) (2,2,5) (3,3,4) (4,4,1) (5,5,4) (6,6,4) (7,7,5) (8,8,4) (9,9,4) (10,10,5)
      L3 C  7  8  
        L4 H  (1,1,4) (2,2,5) (3,3,4) (4,4,5) (5,5,4) (6,6,4) (7,7,1) (8,8,4) (9,9,4) (10,10,5)
      L3 C 10  8  
        L4 H  (1,1,4) (2,2,5) (3,3,4) (4,4,5) (5,5,4) (6,6,4) (7,7,5) (8,8,4) (9,9,4) (10,10,1)
      L3 C  7 -6  
        L4 C  4 -6  
          L5 R 
        L4 C 10 -6  
          L5 R 
        L4 C 11 -6  
          L5 H  (1,1,4) (2,2,5) (3,3,3) (4,4,4) (5,5,4) (6,6,4) (7,7,5) (8,8,4) (9,10,7) 
        L4 C 12  6  
          L5 H  (1,1,3) (2,2,4) (3,3,3) (4,4,4) (5,5,4) (6,6,4) (7,7,5) (8,8,4) (9,9,4) (10,10,4)
        L4 H  (1,1,3) (2,2,5) (3,3,4) (6,6,4) (7,7,5) (8,8,4) (9,9,4) (10,10,4) (4,5,7) 
      L3 C 14 -5  
        L4 H  (2,2,5) (3,3,4) (6,6,3) (7,7,4) (8,8,4) (9,9,4) (1,4,8)  (5,10,8) 
      L3 C 15  6  
        L4 H  (1,1,4) (2,2,5) (3,3,4) (5,5,3) (6,6,3) (8,8,4) (9,9,4) (10,10,5) (4,7,8) 
      L3 C 16 -5  
        L4 R 
      L3 C 10 -6  
        L4 H  (1,1,4) (2,2,5) (5,5,4) (6,6,4) (9,9,4) (10,10,5) (3,4,7)  (7,8,7) 
      L3 C  4  7  
        L4 H  (1,1,4) (2,2,5) (3,3,4) (4,4,4) (5,5,4) (6,6,4) (9,9,4) (10,10,4) (7,8,7) 
      L3 C 11  6  
        L4 H  (1,1,3) (2,2,5) (3,3,4) (4,4,5) (5,5,4) (6,6,4) (9,9,4) (10,10,4) (7,8,7) 
      L3 H  (1,1,4) (2,2,5) (3,3,4) (4,4,5) (5,5,4) (6,6,4) (7,8,7)  (9,10,7) 
    L2 C  3  6  
      L3 S 3 0 2 622
    L2 C  2  6  
      L3 C  2  8  
        L4 H  (1,1,3) (2,2,2) (3,3,4) (4,4,5) (5,5,5) (8,8,4) (9,9,4) (10,10,5) (6,7,8) 
      L3 C  5  6  
        L4 H  (1,1,3) (3,3,4) (4,4,4) (6,6,3) (8,8,4) (9,9,4) (2,10,9)  (5,7,9) 
      L3 H  (1,1,3) (3,3,4) (4,4,5) (5,5,5) (6,6,4) (7,7,2) (8,8,4) (9,9,4) (2,10,9) 
    L2 C  5  6  
      L3 S 4 1 2 630
    L2 C  7 -6  
      L3 R 
    L2 C 10 -6  
      L3 R 
    L2 H  (1,1,4) (2,2,5) (3,3,5) (4,4,5) (5,5,5) (6,6,4) (7,7,2) (8,8,4) (9,9,4) (10,10,2)
  L1 C  3  6  
    L2 S 3 0 1 637
  L1 C  5  6  
    L2 C  2  6  
      L3 S 5 0 1 637
    L2 C  4  6  
      L3 S 5 0 1 561
    L2 C  6  6  
      L3 S 6 0 1 561
    L2 C  8  6  
      L3 S 8 0 1 637
    L2 C  5 -6  
      L3 R 
    L2 C 10 -6  
      L3 R 
    L2 H  (1,1,4) (2,2,5) (3,3,5) (4,4,4) (5,5,2) (6,6,4) (7,7,5) (8,8,5) (9,9,4) (10,10,2)
  L1 C  4  6  
    L2 C  2  6  
      L3 C  2  8  
        L4 H  (1,1,3) (2,2,2) (3,3,3) (4,4,5) (5,5,4) (6,6,5) (8,8,5) (9,9,4) (7,10,9) 
      L3 C  4  8  
        L4 H  (1,1,4) (2,2,5) (3,3,3) (6,6,5) (8,8,5) (9,9,4) (4,5,5)  (7,10,9) 
      L3 C  6  8  
        L4 H  (1,1,4) (2,2,5) (3,3,4) (4,4,5) (5,5,3) (8,8,5) (9,9,4) (10,10,5) (6,7,5) 
      L3 C  8  8  
        L4 H  (1,1,4) (2,2,5) (3,3,4) (4,4,5) (5,5,4) (6,6,5) (9,9,3) (10,10,5) (7,8,5) 
      L3 C 10  8  
        L4 H  (1,1,3) (2,2,5) (3,3,4) (5,5,4) (6,6,5) (8,8,5) (4,7,9)  (9,10,5) 
      L3 C 13  6  
        L4 C  2  7  
          L5 H  (1,1,3) (2,2,4) (3,3,2) (4,4,4) (5,5,4) (6,6,5) (8,8,5) (9,9,4) (7,10,9) 
        L4 C  6  7  
          L5 C  4  7  
            L6 H  (1,1,4) (2,2,5) (3,3,3) (4,4,3) (5,5,2) (6,6,4) (7,7,4) (8,8,5) (9,9,4) (10,10,5)
          L5 C  8  6  
            L6 H  (1,1,4) (2,2,5) (3,3,3) (4,4,4) (5,5,3) (6,6,4) (7,7,3) (8,8,5) (9,9,4) (10,10,5)
          L5 C 10  7  
            L6 H  (1,1,3) (2,2,5) (3,3,3) (4,4,4) (5,5,3) (6,6,4) (7,7,4) (8,8,5) (9,9,4) (10,10,4)
          L5 C 11  6  
            L6 H  (1,1,3) (2,2,4) (3,3,3) (4,4,4) (5,5,3) (6,6,4) (7,7,4) (8,8,5) (9,9,4) (10,10,5)
          L5 C 22 -5  
            L6 R 
          L5 C 12  6  
            L6 H  (1,1,4) (2,2,4) (3,3,2) (4,4,4) (5,5,3) (6,6,4) (7,7,4) (8,8,5) (9,9,4) (10,10,5)
          L5 C 22 -6  
            L6 R 
          L5 C 13 -6  
            L6 H  (1,1,4) (2,2,5) (3,3,3) (4,4,4) (7,7,4) (8,8,5) (9,9,4) (10,10,5) (5,6,6) 
          L5 C 14  6  
            L6 H  (1,1,4) (2,2,5) (3,3,3) (4,4,3) (5,5,2) (6,6,4) (7,7,4) (8,8,5) (9,9,4) (10,10,5)
          L5 H  (1,1,4) (2,2,5) (3,3,3) (4,4,4) (5,5,3) (8,8,5) (9,9,4) (10,10,5) (6,7,7) 
        L4 C  4  7  
          L5 H  (2,2,5) (3,3,3) (6,6,5) (8,8,5) (1,9,7)  (4,5,6)  (7,10,9) 
        L4 C 11  7  
          L5 H  (1,1,3) (2,2,3) (3,3,3) (4,4,4) (5,5,4) (6,6,5) (7,7,4) (8,8,5) (9,9,4) (10,10,5)
        L4 C 22 -5  
          L5 R 
        L4 C 12  6  
          L5 H  (2,2,4) (3,3,2) (4,4,4) (5,5,4) (6,6,5) (7,7,4) (8,8,5) (10,10,5) (1,9,7) 
        L4 C 22 -6  
          L5 R 
        L4 C 14  6  
          L5 H  (1,1,4) (2,2,5) (3,3,3) (10,10,5) (4,7,7)  (5,8,8)  (6,9,8) 
        L4 C 24 -5  
          L5 R 
        L4 C  8  6  
          L5 C  6  6  
            L6 H  (1,1,4) (3,3,3) (4,4,4) (10,10,5) (2,9,8)  (5,7,7)  (6,8,9) 
          L5 C  8 -6  
            L6 R 
          L5 C 15 -6  
            L6 R 
          L5 C 20  6  
            L6 S 7 1 4 688
          L5 C 10  7  
            L6 H  (1,1,3) (2,2,5) (3,3,3) (4,4,4) (5,5,4) (6,6,5) (7,7,4) (8,8,4) (9,9,2) (10,10,4)
          L5 C 30 -5  
            L6 R 
          L5 C 11  6  
            L6 H  (1,1,3) (2,2,4) (3,3,3) (4,4,4) (5,5,4) (6,6,5) (7,7,4) (8,8,4) (9,9,3) (10,10,5)
          L5 H  (1,1,4) (2,2,5) (3,3,3) (4,4,4) (5,5,4) (6,6,5) (7,7,4) (10,10,5) (8,9,6) 
        L4 C  6 -5  
          L5 R 
        L4 C 10 -6  
          L5 R 
        L4 C 15  6  
          L5 S 2 0 4 718
        L4 C 20  6  
          L5 S 7 1 4 718
        L4 C 13 -6  
          L5 R 
        L4 C 26 -5  
          L5 R 
        L4 C 11  6  
          L5 H  (1,1,2) (2,2,4) (3,3,3) (4,4,4) (5,5,4) (6,6,5) (7,7,4) (8,8,5) (9,9,4) (10,10,4)
        L4 H  (1,1,3) (2,2,5) (3,3,3) (4,4,4) (5,5,4) (6,6,5) (7,7,4) (8,8,5) (9,10,7) 
      L3 C 20  6  
        L4 S 7 1 3 733
      L3 C  6 -5  
        L4 C  2  7  
          L5 H  (1,1,3) (2,2,4) (5,5,4) (6,6,5) (3,8,7)  (4,9,8)  (7,10,9) 
        L4 C  8 -5  
          L5 H  (2,2,4) (4,4,4) (5,5,4) (6,6,5) (7,7,5) (8,8,5) (9,9,4) (10,10,4) (1,3,5) 
        L4 C 11  6  
          L5 S 8 0 3 733
        L4 C 18  6  
          L5 S 9 1 3 733
        L4 C 12 -6  
          L5 R 
        L4 C 22 -5  
          L5 R 
        L4 H  (1,1,4) (2,2,4) (3,3,3) (5,5,4) (6,6,5) (8,8,5) (9,9,3) (10,10,4) (4,7,8) 
      L3 C  8 -5  
        L4 S 2 0 3 749
      L3 C 11  6  
        L4 S 8 0 3 733
      L3 C 12  6  
        L4 S 5 1 3 733
      L3 C 14  6  
        L4 S 3 1 3 733
      L3 C 15  6  
        L4 S 2 0 3 733
      L3 C 16  6  
        L4 S 1 1 3 733
      L3 C 17  6  
        L4 S 4 0 3 733
      L3 C 18  6  
        L4 S 9 1 3 733
      L3 C 19  6  
        L4 S 6 0 3 733
      L3 C  2 -6  
        L4 R 
      L3 C  4 -6  
        L4 R 
      L3 C  6 -6  
        L4 R 
      L3 C  8 -6  
        L4 R 
      L3 C 10 -6  
        L4 R 
      L3 C 22 -5  
        L4 R 
      L3 C 24 -5  
        L4 R 
      L3 C 26 -5  
        L4 R 
      L3 C 28 -5  
        L4 R 
      L3 C 30 -5  
        L4 R 
      L3 C 32 -5  
        L4 R 
      L3 C 34 -5  
        L4 R 
      L3 C 36 -5  
        L4 R 
      L3 C 38 -5  
        L4 R 
      L3 C 40 -5  
        L4 R 
      L3 H  (1,1,2) (2,2,4) (3,3,2) (4,4,4) (5,5,2) (6,6,4) (7,7,2) (8,8,4) (9,9,2) (10,10,4)
    L2 C  6  6  
      L3 C  8  6  
        L4 S 6 0 2 798
      L3 C  4  8  
        L4 H  (1,1,4) (2,2,5) (3,3,4) (4,4,2) (5,5,3) (7,7,4) (8,8,5) (9,9,4) (6,10,9) 
      L3 C  6  8  
        L4 H  (1,1,4) (2,2,5) (3,3,4) (4,4,5) (5,5,3) (8,8,5) (9,9,4) (10,10,5) (6,7,5) 
      L3 C 10  8  
        L4 H  (1,1,4) (2,2,5) (3,3,4) (4,4,5) (5,5,3) (6,6,5) (7,7,4) (8,8,5) (9,9,4) (10,10,1)
      L3 C 12 -5  
        L4 H  (2,2,5) (3,3,4) (8,8,5) (9,9,4) (1,5,6)  (4,6,8)  (7,10,8) 
      L3 C 10 -6  
        L4 H  (1,1,4) (2,2,5) (3,3,3) (4,4,4) (5,5,2) (6,6,4) (7,7,4) (8,8,5) (9,9,4) (10,10,5)
      L3 C  6  7  
        L4 C  4  7  
          L5 H  (1,1,4) (2,2,5) (3,3,3) (4,4,4) (5,5,2) (6,6,4) (7,7,4) (8,8,5) (9,9,4) (10,10,4)
        L4 C 11  6  
          L5 H  (1,1,3) (2,2,4) (3,3,4) (4,4,5) (5,5,3) (6,6,4) (7,7,4) (8,8,5) (9,9,4) (10,10,4)
        L4 C 12 -6  
          L5 R 
        L4 C 20 -5  
          L5 R 
        L4 C 13  6  
          L5 H  (1,1,4) (2,2,5) (3,3,3) (4,4,4) (5,5,3) (6,6,4) (7,7,4) (8,8,5) (9,9,4) (10,10,4)
        L4 C 24 -5  
          L5 R 
        L4 C 14  6  
          L5 H  (1,1,4) (2,2,5) (3,3,4) (4,4,4) (5,5,2) (6,6,4) (7,7,4) (8,8,5) (9,9,4) (10,10,4)
        L4 H  (1,1,4) (2,2,5) (3,3,4) (4,4,5) (5,5,3) (8,8,5) (6,7,7)  (9,10,7) 
      L3 C  4  7  
        L4 S 1 1 3 827
      L3 C 14 -5  
        L4 R 
      L3 C 15 -5  
        L4 R 
      L3 H  (1,1,4) (2,2,5) (3,3,4) (4,4,3) (5,5,2) (6,6,4) (7,7,4) (8,8,5) (9,9,4) (10,10,4)
    L2 C  8  6  
      L3 S 4 0 2 834
    L2 C  4 -6  
      L3 R 
    L2 C 10 -6  
      L3 R 
    L2 H  (1,1,4) (2,2,5) (3,3,4) (4,4,2) (5,5,4) (6,6,5) (7,7,5) (8,8,5) (9,9,4) (10,10,2)
  L1 C  6  6  
    L2 S 6 0 1 841
  L1 C  2 -6  
    L2 R 
  L1 C  8 -6  
    L2 R 
  L1 S 8 0 1 841
L0 C  1  6  
  L1 S 1 0 0 848
L0 C  2  6  
  L1 S 2 0 0 848
L0 C  3  6  
  L1 S 3 0 0 848
L0 C  4  6  
  L1 S 4 0 0 848
L0 C  5  6  
  L1 S 5 0 0 848
L0 C  6  6  
  L1 S 6 0 0 848
L0 C  7  6  
  L1 S 7 0 0 848
L0 C  8  6  
  L1 S 8 0 0 848
L0 C  9  6  
  L1 S 9 0 0 848
L0 R 
Q.E.D.
