Degree 11
L0 C 1 -5
  L1 C 5 -5
    L2 C 8 7
      L3 C 3 7
        L4 C 10 7
          L5 C 7 7
            L6 H  (1,1,5) (2,2,4) (3,3,5) (4,4,4) (5,5,5) (6,6,4) (7,7,4) (8,8,4) (9,9,2) (10,10,5) (11,11,4)
          L5 C 9 7
            L6 H  (1,1,5) (2,2,4) (3,3,5) (4,4,4) (5,5,5) (6,6,5) (7,7,4) (8,8,4) (9,9,1) (10,10,4) (11,11,4)
          L5 H  (1,1,5) (2,2,4) (3,3,5) (4,4,4) (5,5,5) (6,6,5) (7,7,4) (8,8,5) (9,9,2) (10,10,5) (11,11,4)
        L4 C 7 7
          L5 H  (1,1,5) (2,2,4) (3,3,5) (4,4,4) (5,5,5) (6,6,4) (7,7,4) (8,8,4) (9,9,4) (10,10,5) (11,11,5)
        L4 C 10 -5
          L5 C 6 -5
            L6 C 4 7
              L7 S 1 1 4 14
            L6 C 2 7
              L7 H  (1,1,4) (2,2,4) (3,3,4) (4,4,4) (5,5,5) (6,6,5) (7,7,4) (8,8,5) (9,9,4) (10,10,5) (11,11,5)
            L6 C 9 7
              L7 S 1 1 6 20
            L6 C 11 7
              L7 H  (1,1,4) (2,2,4) (3,3,5) (4,4,4) (5,5,5) (6,6,5) (7,7,4) (8,8,5) (9,9,4) (10,10,4) (11,11,5)
            L6 C 3 8
              L7 H  (1,1,5) (2,2,4) (3,3,1) (4,4,4) (5,5,5) (6,6,5) (7,7,4) (8,8,5) (9,9,4) (10,10,5) (11,11,5)
            L6 C 8 8
              L7 S 1 1 6 26
            L6 C 2 6
              L7 H  (1,1,4) (2,2,3) (3,3,4) (4,4,4) (5,5,5) (6,6,5) (7,7,4) (8,8,5) (9,9,4) (10,10,5) (11,11,5)
            L6 C 9 6
              L7 S 1 1 6 30
            L6 C 4 6
              L7 H  (1,1,5) (2,2,4) (3,3,4) (4,4,3) (5,5,4) (6,6,5) (7,7,4) (8,8,5) (9,9,4) (10,10,5) (11,11,5)
            L6 C 7 6
              L7 S 1 1 6 34
            L6 C 11 -5
              L7 C 13 7
                L8 H  (1,1,5) (2,2,4) (3,3,4) (4,4,4) (5,5,5) (6,6,5) (7,7,4) (8,8,5) (9,9,4) (10,10,5) (11,11,5)
              L7 C 19 7
                L8 S 1 1 7 39
              L7 C 14 7
                L8 H  (1,1,5) (2,2,4) (3,3,4) (4,4,4) (5,5,5) (6,6,5) (7,7,4) (8,8,5) (9,9,4) (10,10,5) (11,11,5)
              L7 C 18 7
                L8 S 1 1 7 43
              L7 C 12 6
                L8 H  (1,1,5) (2,2,3) (3,3,5) (4,4,4) (5,5,5) (6,6,5) (7,7,4) (8,8,5) (9,9,4) (10,10,5) (11,11,5)
              L7 H  (1,1,5) (2,2,4) (3,3,5) (4,4,4) (5,5,5) (6,6,5) (7,7,4) (8,8,5) (9,11,8) (10,10,5)
            L6 H  (1,1,4) (2,2,4) (3,3,5) (4,4,4) (5,5,5) (6,6,5) (7,7,4) (8,8,5) (9,9,4) (10,10,4) (11,11,5)
          L5 H  (1,1,5) (2,2,4) (3,3,5) (4,4,4) (5,5,4) (6,6,5) (7,7,3) (8,8,5) (9,9,4) (10,10,5) (11,11,5)
        L4 H  (1,1,5) (2,2,4) (3,3,5) (4,4,4) (5,5,5) (6,6,5) (7,7,4) (8,8,5) (9,9,3) (10,10,5) (11,11,4)
      L3 C 10 7
        L4 C 7 7
          L5 H  (1,1,5) (2,2,5) (3,3,5) (4,4,5) (5,5,5) (6,6,4) (7,7,4) (8,8,4) (9,9,2) (10,10,5) (11,11,4)
        L4 C 3 -5
          L5 H  (1,1,5) (2,2,5) (3,3,5) (4,4,5) (5,5,5) (6,6,5) (7,7,4) (8,8,5) (9,9,2) (10,10,5) (11,11,4)
        L4 H  (1,1,5) (2,2,4) (3,3,5) (4,4,4) (5,5,5) (6,6,5) (7,7,4) (8,8,5) (9,9,2) (10,10,5) (11,11,4)
      L3 C 7 7
        L4 H  (1,1,5) (2,2,5) (3,3,5) (4,4,5) (5,5,5) (6,6,4) (7,7,4) (8,9,7) (10,10,5) (11,11,5)
      L3 C 3 -5
        L4 C 10 -5
          L5 C 6 7
            L6 S 9 0 3 57
          L5 C 9 7
            L6 H  (1,5,9) (2,2,5) (3,3,5) (4,4,5) (6,6,5) (7,7,4) (8,8,4) (9,9,4) (10,10,4) (11,11,5)
          L5 C 2 -5
            L6 C 7 6
              L7 H  (1,1,5) (2,2,5) (3,3,5) (4,4,5) (5,5,5) (6,6,4) (7,7,3) (8,8,4) (9,9,4) (10,10,5) (11,11,5)
            L6 C 4 7
              L7 H  (1,1,5) (2,2,5) (3,3,4) (4,4,5) (5,7,7) (6,6,5) (8,8,5) (9,9,4) (10,10,5) (11,11,5)
            L6 C 11 7
              L7 C 9 6
                L8 H  (1,1,4) (2,2,5) (3,3,5) (4,4,5) (5,5,5) (6,6,5) (7,7,4) (8,8,4) (9,9,3) (10,10,3) (11,11,5)
              L7 C 6 -5
                L8 C 4 -5
                  L9 C 8 8
                    L10 H  (1,1,4) (2,2,5) (3,3,5) (4,4,5) (5,5,5) (6,6,5) (7,7,4) (8,8,1) (9,9,4) (10,10,4) (11,11,5)
                  L9 C 11 8
                    L10 S 4 1 9 77
                  L9 C 20 6
                    L10 H  (1,1,4) (2,2,5) (3,3,5) (4,4,5) (5,5,5) (6,6,5) (7,7,4) (8,8,5) (9,9,3) (10,10,3) (11,11,5)
                  L9 H  (1,1,4) (2,2,5) (3,3,5) (4,4,5) (5,5,5) (6,6,5) (7,8,8) (9,9,4) (10,10,4) (11,11,5)
                L8 H  (1,1,4) (2,2,5) (3,3,4) (4,4,5) (5,5,4) (6,6,5) (7,7,4) (8,8,5) (9,9,4) (10,10,4) (11,11,5)
              L7 H  (1,1,4) (2,2,5) (3,3,5) (4,4,5) (5,5,4) (6,6,5) (7,7,3) (8,8,5) (9,9,4) (10,10,4) (11,11,5)
            L6 C 9 6
              L7 H  (1,1,5) (2,2,5) (3,3,5) (4,4,5) (5,5,5) (6,6,5) (7,7,4) (8,8,4) (9,9,3) (10,10,4) (11,11,5)
            L6 C 6 -5
              L7 C 4 -5
                L8 C 11 -5
                  L9 R
                L8 C 8 8
                  L9 H  (1,1,4) (2,2,5) (3,3,5) (4,4,5) (5,5,5) (6,6,5) (7,7,4) (8,8,1) (9,9,4) (10,10,4) (11,11,5)
                L8 C 18 7
                  L9 H  (1,1,4) (2,2,5) (3,3,5) (4,4,5) (5,5,5) (6,6,5) (7,7,4) (8,8,4) (9,9,4) (10,10,4) (11,11,5)
                L8 C 19 7
                  L9 H  (1,1,4) (2,2,5) (3,3,5) (4,4,5) (5,5,5) (6,6,5) (7,7,4) (8,8,4) (9,9,4) (10,10,4) (11,11,5)
                L8 C 20 7
                  L9 H  (1,1,4) (2,2,5) (3,3,5) (4,4,5) (5,5,5) (6,6,5) (7,7,4) (8,8,5) (9,9,3) (10,10,4) (11,11,5)
                L8 H  (1,1,4) (2,2,5) (3,3,5) (4,4,5) (5,5,5) (6,6,5) (7,8,8) (9,9,4) (10,10,4) (11,11,5)
              L7 C 11 -5
                L8 C 8 8
                  L9 H  (1,1,5) (2,2,5) (3,3,4) (4,4,5) (5,5,4) (6,6,5) (7,7,4) (8,8,1) (9,9,4) (10,10,5) (11,11,5)
                L8 C 18 7
                  L9 H  (1,1,5) (2,2,5) (3,3,4) (4,4,5) (5,5,4) (6,6,5) (7,7,4) (8,8,4) (9,9,4) (10,10,5) (11,11,5)
                L8 C 19 7
                  L9 H  (1,1,5) (2,2,5) (3,3,4) (4,4,5) (5,5,4) (6,6,5) (7,7,4) (8,8,4) (9,9,4) (10,10,5) (11,11,5)
                L8 C 17 6
                  L9 H  (1,1,5) (2,2,5) (3,3,4) (4,4,5) (5,5,4) (6,6,5) (7,7,3) (8,8,5) (9,9,4) (10,10,5) (11,11,5)
                L8 H  (1,1,5) (2,2,5) (3,3,4) (4,4,5) (5,5,4) (6,6,5) (7,7,4) (8,9,8) (10,10,5) (11,11,5)
              L7 H  (1,1,4) (2,2,5) (3,3,4) (4,4,5) (5,5,4) (6,6,5) (7,7,4) (8,8,5) (9,9,4) (10,10,4) (11,11,5)
            L6 H  (1,1,5) (2,2,5) (3,3,5) (4,4,5) (5,5,4) (6,8,9) (7,7,3) (9,9,4) (10,10,5) (11,11,5)
          L5 C 7 6
            L6 H  (1,1,4) (2,2,5) (3,3,4) (4,4,5) (5,5,5) (6,6,4) (7,7,3) (8,8,4) (9,9,4) (10,10,5) (11,11,5)
          L5 C 4 -5
            L6 C 11 -5
              L7 C 2 7
                L8 S 7 1 3 51
              L7 C 9 6
                L8 H  (1,1,4) (2,2,5) (3,3,4) (4,4,5) (5,5,5) (6,6,5) (7,7,4) (8,8,4) (9,9,3) (10,10,4) (11,11,5)
              L7 C 6 -5
                L8 C 8 8
                  L9 H  (1,1,4) (2,2,5) (3,3,4) (4,4,5) (5,5,5) (6,6,5) (7,7,4) (8,8,1) (9,9,4) (10,10,5) (11,11,5)
                L8 C 18 7
                  L9 H  (1,1,4) (2,2,5) (3,3,4) (4,4,5) (5,5,5) (6,6,5) (7,7,4) (8,8,4) (9,9,4) (10,10,5) (11,11,5)
                L8 C 19 7
                  L9 H  (1,1,4) (2,2,5) (3,3,4) (4,4,5) (5,5,5) (6,6,5) (7,7,4) (8,8,4) (9,9,4) (10,10,5) (11,11,5)
                L8 C 17 6
                  L9 H  (1,1,4) (2,2,5) (3,3,4) (4,4,5) (5,5,5) (6,6,5) (7,7,3) (8,8,5) (9,9,4) (10,10,5) (11,11,5)
                L8 H  (1,1,4) (2,2,5) (3,3,4) (4,4,5) (5,5,5) (6,6,5) (7,7,4) (8,9,8) (10,10,5) (11,11,5)
              L7 H  (1,1,4) (2,2,5) (3,3,4) (4,4,5) (5,5,4) (6,6,5) (7,7,3) (8,8,5) (9,9,4) (10,10,5) (11,11,5)
            L6 H  (1,1,4) (2,2,5) (3,3,4) (4,4,5) (5,5,5) (6,6,5) (7,7,4) (8,8,5) (9,9,4) (10,10,4) (11,11,5)
          L5 H  (1,1,4) (2,2,5) (3,3,4) (4,4,5) (5,5,4) (6,6,5) (7,7,4) (8,8,5) (9,9,4) (10,10,5) (11,11,5)
        L4 H  (1,1,5) (2,2,5) (3,3,5) (4,4,5) (5,5,5) (6,6,5) (7,7,4) (8,10,9) (9,9,3) (11,11,4)
      L3 C 10 -5
        L4 C 6 -5
          L5 C 2 7
            L6 S 5 0 3 51
          L5 C 9 7
            L6 H  (1,1,5) (2,2,4) (3,3,5) (4,4,4) (5,5,5) (6,6,5) (7,7,4) (8,8,4) (9,9,4) (10,10,4) (11,11,5)
          L5 C 4 7
            L6 H  (1,1,5) (2,2,4) (3,3,3) (4,4,4) (5,5,4) (6,6,5) (7,7,4) (8,8,5) (9,9,4) (10,10,5) (11,11,5)
          L5 C 11 7
            L6 H  (1,1,4) (2,2,4) (3,3,5) (4,4,4) (5,5,5) (6,6,5) (7,7,4) (8,8,5) (9,9,4) (10,10,4) (11,11,5)
          L5 C 8 8
            L6 H  (1,1,5) (2,2,4) (3,3,5) (4,4,4) (5,5,5) (6,6,5) (7,7,4) (8,8,1) (9,9,4) (10,10,5) (11,11,5)
          L5 C 9 6
            L6 H  (1,1,5) (2,2,4) (3,3,5) (4,4,4) (5,5,5) (6,6,5) (7,7,4) (8,8,4) (9,9,3) (10,10,4) (11,11,5)
          L5 C 2 -5
            L6 C 4 -5
              L7 C 11 -5
                L8 S 7 1 3 133
              L7 H  (1,1,4) (2,2,4) (3,3,5) (4,4,4) (5,5,5) (6,6,5) (7,7,4) (8,8,5) (9,9,4) (10,10,4) (11,11,5)
            L6 H  (1,1,5) (2,2,4) (3,3,4) (4,4,4) (5,5,4) (6,6,5) (7,7,4) (8,8,5) (9,9,4) (10,10,5) (11,11,5)
          L5 H  (1,1,4) (2,2,4) (3,3,4) (4,4,4) (5,5,5) (6,6,5) (7,7,4) (8,8,5) (9,9,4) (10,10,5) (11,11,5)
        L4 H  (1,1,5) (2,2,4) (3,3,5) (4,4,4) (5,5,4) (6,6,5) (7,7,3) (8,8,5) (9,9,4) (10,10,5) (11,11,5)
      L3 H  (1,1,5) (2,2,4) (3,3,5) (4,4,4) (5,5,5) (6,6,5) (7,7,4) (8,8,5) (9,9,3) (10,10,5) (11,11,4)
    L2 C 9 7
      L3 S 6 1 2 156
    L2 C 3 7
      L3 C 7 7
        L4 H  (1,1,5) (2,2,4) (3,3,5) (4,6,7) (5,5,5) (7,7,5) (8,8,4) (9,9,5) (10,10,5) (11,11,5)
      L3 C 10 7
        L4 S 6 1 3 161
      L3 C 6 -5
        L4 C 10 -5
          L5 S 1 1 2 156
        L4 C 2 7
          L5 H  (1,1,4) (2,2,4) (3,3,4) (4,4,4) (5,5,5) (6,6,5) (7,7,5) (8,8,5) (9,9,4) (10,10,5) (11,11,4)
        L4 C 11 7
          L5 H  (1,1,4) (2,2,4) (3,3,5) (4,4,4) (5,5,5) (6,6,5) (7,7,5) (8,8,5) (9,9,4) (10,10,3) (11,11,4)
        L4 C 8 -5
          L5 C 4 7
            L6 S 7 0 2 156
          L5 C 3 8
            L6 H  (1,1,5) (2,2,4) (3,3,1) (4,4,4) (5,5,5) (6,6,5) (7,7,5) (8,8,5) (9,9,4) (10,10,5) (11,11,4)
          L5 C 2 6
            L6 H  (1,1,4) (2,2,3) (3,3,4) (4,4,4) (5,5,5) (6,6,5) (7,7,5) (8,8,5) (9,9,4) (10,10,5) (11,11,4)
          L5 C 9 -5
            L6 C 11 -5
              L7 C 4 6
                L8 S 6 1 5 177
              L7 C 7 -5
                L8 S 6 0 2 156
              L7 H  (1,1,5) (2,2,4) (3,3,5) (4,4,4) (5,5,5) (6,6,4) (7,7,5) (8,8,4) (9,9,4) (10,10,5) (11,11,4)
            L6 H  (1,1,4) (2,2,4) (3,3,5) (4,4,4) (5,5,5) (6,6,5) (7,7,5) (8,8,5) (9,9,4) (10,10,4) (11,11,4)
          L5 H  (1,1,5) (2,2,4) (3,3,5) (4,4,4) (5,5,5) (6,6,5) (7,7,5) (8,8,4) (9,9,4) (10,10,4) (11,11,4)
        L4 H  (1,1,5) (2,2,4) (3,3,5) (4,4,4) (5,5,5) (6,6,5) (7,7,4) (8,8,5) (9,9,4) (10,10,5) (11,11,4)
      L3 C 11 -5
        L4 S 6 1 3 187
      L3 H  (1,1,4) (2,2,4) (3,3,5) (4,4,4) (5,5,4) (6,6,5) (7,7,4) (8,8,5) (9,9,5) (10,10,4) (11,11,5)
    L2 C 7 7
      L3 C 9 -5
        L4 S 2 1 2 190
      L3 H  (1,1,5) (2,2,5) (3,3,5) (4,4,5) (5,5,5) (6,6,4) (7,9,9) (8,8,3) (10,10,4) (11,11,5)
    L2 C 10 7
      L3 S 6 1 2 194
    L2 C 3 -5
      L3 C 6 -5
        L4 C 11 -5
          L5 C 8 -5
            L6 C 4 7
              L7 S 7 0 2 156
            L6 C 2 7
              L7 C 4 -5
                L8 S 7 1 2 190
              L7 H  (1,1,4) (2,2,5) (3,3,3) (4,4,5) (5,5,4) (6,6,5) (7,7,5) (8,11,9) (9,9,5) (10,10,5)
            L6 C 9 -5
              L7 C 2 -5
                L8 C 4 -5
                  L9 C 7 -5
                    L10 R
                  L9 C 10 -5
                    L10 S 6 1 9 211
                  L9 C 19 7
                    L10 C 17 7
                      L11 H  (1,1,5) (2,2,5) (3,3,5) (4,4,5) (5,5,5) (6,6,4) (7,7,3) (8,8,4) (9,9,4) (10,10,5) (11,11,4)
                    L10 C 21 7
                      L11 S 6 1 10 216
                    L10 C 17 6
                      L11 C 21 6
                        L12 C 16 7
                          L13 H  (1,1,5) (2,2,5) (3,3,5) (4,4,5) (5,5,5) (6,6,4) (7,7,3) (8,8,4) (9,9,4) (10,10,5) (11,11,4)
                        L12 C 22 7
                          L13 S 6 1 12 222
                        L12 H  (1,1,5) (2,4,9) (3,3,5) (5,5,5) (6,6,4) (7,7,5) (8,8,4) (9,9,4) (10,10,5) (11,11,4)
                      L11 H  (1,1,5) (2,2,5) (3,3,5) (4,4,5) (5,5,5) (6,6,4) (7,7,5) (8,8,4) (9,9,4) (10,10,4) (11,11,4)
                    L10 H  (1,1,5) (2,2,5) (3,3,5) (4,4,5) (5,5,5) (6,6,4) (7,7,4) (8,8,4) (9,9,4) (10,10,5) (11,11,4)
                  L9 C 18 -5
                    L10 R
                  L9 C 20 -5
                    L10 S 6 1 9 229
                  L9 C 17 7
                    L10 H  (1,1,5) (2,2,5) (3,3,5) (4,4,5) (5,5,5) (6,6,4) (7,7,4) (8,8,4) (9,9,4) (10,10,5) (11,11,4)
                  L9 C 21 7
                    L10 S 6 1 9 233
                  L9 C 19 6
                    L10 H  (1,1,5) (2,2,5) (3,3,5) (4,4,5) (5,5,5) (6,6,4) (7,7,5) (8,8,3) (9,9,3) (10,10,5) (11,11,4)
                  L9 C 17 6
                    L10 H  (1,1,5) (2,2,5) (3,3,5) (4,4,5) (5,7,9) (6,6,4) (8,8,4) (9,9,4) (10,10,5) (11,11,4)
                  L9 C 21 6
                    L10 S 6 1 9 239
                  L9 C 16 -6
                    L10 R
                  L9 C 22 -6
                    L10 S 6 1 9 243
                  L9 C 29 -5
                    L10 R
                  L9 C 32 -5
                    L10 R
                  L9 C 12 6
                    L10 H  (1,1,4) (2,2,5) (3,3,5) (4,4,5) (5,5,5) (6,6,4) (7,7,5) (8,8,4) (9,9,4) (10,10,5) (11,11,4)
                  L9 H  (1,1,5) (2,2,5) (3,5,9) (4,4,5) (6,6,4) (7,7,5) (8,8,4) (9,9,4) (10,10,5) (11,11,4)
                L8 C 10 -5
                  L9 S 8 0 8 252
                L8 C 7 -5
                  L9 C 14 7
                    L10 H  (1,1,5) (2,2,5) (3,3,4) (4,4,4) (5,5,4) (6,6,5) (7,7,5) (8,8,5) (9,9,4) (10,10,5) (11,11,4)
                  L9 C 21 7
                    L10 S 9 1 9 257
                  L9 C 15 7
                    L10 H  (1,1,5) (2,2,5) (3,3,4) (4,4,4) (5,5,4) (6,6,5) (7,7,5) (8,8,5) (9,9,4) (10,10,5) (11,11,4)
                  L9 C 20 7
                    L10 S 9 1 9 261
                  L9 C 14 6
                    L10 C 26 -6
                      L11 R
                    L10 C 20 6
                      L11 C 32 -6
                        L12 R
                      L11 C 13 7
                        L12 H  (1,1,5) (2,2,5) (3,3,3) (4,4,4) (5,5,4) (6,6,5) (7,7,5) (8,8,5) (9,9,4) (10,10,5) (11,11,4)
                      L11 H  (1,9,8) (2,2,5) (3,3,4) (4,4,5) (5,5,4) (6,6,5) (7,7,5) (8,8,5) (10,10,5) (11,11,4)
                    L10 C 19 -6
                      L11 R
                    L10 C 32 -6
                      L11 R
                    L10 C 13 7
                      L11 H  (1,1,5) (2,2,5) (3,3,3) (4,4,4) (5,5,4) (6,6,5) (7,7,5) (8,8,5) (9,9,4) (10,10,5) (11,11,4)
                    L10 C 12 -6
                      L11 R
                    L10 C 16 7
                      L11 H  (1,1,5) (2,2,5) (3,3,4) (4,4,5) (5,5,4) (6,8,9) (7,7,5) (9,9,4) (10,10,5) (11,11,4)
                    L10 H  (1,1,5) (2,6,9) (3,3,4) (4,4,5) (5,5,4) (7,7,5) (8,8,5) (9,9,4) (10,10,5) (11,11,4)
                  L9 C 21 6
                    L10 S 9 1 9 283
                  L9 C 13 -6
                    L10 R
                  L9 C 22 -6
                    L10 S 9 1 9 287
                  L9 C 26 -6
                    L10 R
                  L9 C 32 -6
                    L10 R
                  L9 C 16 7
                    L10 H  (1,1,5) (2,2,5) (3,3,4) (4,4,4) (5,5,4) (6,6,5) (7,7,5) (8,8,5) (9,9,4) (10,10,5) (11,11,4)
                  L9 H  (1,1,5) (2,2,5) (3,3,4) (4,4,5) (5,5,4) (6,6,5) (7,10,9) (8,8,5) (9,9,4) (11,11,4)
                L8 H  (1,1,5) (2,2,5) (3,3,4) (4,4,5) (5,5,4) (6,6,4) (7,7,5) (8,8,4) (9,9,4) (10,10,5) (11,11,4)
              L7 C 4 -5
                L8 S 3 0 7 297
              L7 H  (1,1,4) (2,2,5) (3,3,4) (4,4,5) (5,5,4) (6,9,9) (7,7,5) (8,11,9) (10,10,5)
            L6 C 10 -5
              L7 C 2 -5
                L8 S 1 1 6 300
              L7 C 4 6
                L8 H  (1,1,4) (2,2,5) (3,3,4) (4,4,5) (5,5,4) (6,6,5) (7,7,5) (8,8,4) (9,9,5) (10,10,4) (11,11,5)
              L7 C 7 6
                L8 S 1 1 7 305
              L7 C 12 7
                L8 H  (1,1,4) (2,2,4) (3,3,4) (4,4,5) (5,5,5) (6,6,5) (7,7,5) (8,8,4) (9,9,5) (10,10,4) (11,11,5)
              L7 C 20 7
                L8 S 1 1 7 309
              L7 C 13 7
                L8 H  (1,1,4) (2,2,4) (3,3,4) (4,4,5) (5,5,5) (6,6,5) (7,7,5) (8,8,4) (9,9,5) (10,10,4) (11,11,5)
              L7 C 19 7
                L8 S 1 1 7 313
              L7 C 12 6
                L8 C 24 -6
                  L9 R
                L8 C 19 6
                  L9 C 31 -6
                    L10 R
                  L9 C 14 7
                    L10 C 18 7
                      L11 H  (1,1,4) (2,2,5) (3,3,4) (4,4,5) (5,5,5) (6,6,5) (7,7,5) (8,8,3) (9,9,4) (10,10,4) (11,11,5)
                    L10 H  (1,1,4) (2,2,5) (3,3,4) (4,6,9) (5,5,5) (7,7,5) (8,8,4) (9,9,5) (10,10,4) (11,11,5)
                  L9 H  (1,4,8) (2,2,5) (3,3,4) (5,5,5) (6,6,5) (7,7,5) (8,8,4) (9,9,5) (10,10,4) (11,11,5)
                L8 H  (1,1,4) (2,9,9) (3,3,4) (4,4,5) (5,5,5) (6,6,5) (7,7,5) (8,8,4) (10,10,4) (11,11,5)
              L7 C 20 6
                L8 S 1 1 7 327
              L7 H  (1,1,4) (2,2,5) (3,3,4) (4,4,5) (5,5,5) (6,6,5) (7,7,5) (8,8,4) (9,9,5) (10,10,4) (11,11,4)
            L6 H  (1,1,5) (2,2,5) (3,6,9) (4,4,5) (5,5,5) (7,7,5) (8,8,4) (9,9,4) (10,10,4) (11,11,4)
          L5 C 9 -5
            L6 S 6 1 5 331
          L5 H  (1,1,5) (2,2,5) (3,11,9) (4,4,5) (5,5,5) (6,6,5) (7,7,4) (8,8,4) (9,9,4) (10,10,4)
        L4 C 10 -5
          L5 C 2 7
            L6 S 5 0 2 156
          L5 C 4 7
            L6 S 1 1 2 194
          L5 C 8 -5
            L6 C 11 8
              L7 H  (1,1,4) (2,2,5) (3,3,5) (4,4,5) (5,5,5) (6,6,5) (7,7,5) (8,8,5) (9,9,5) (10,10,4) (11,11,2)
            L6 C 11 -6
              L7 C 2 6
                L8 C 7 -5
                  L9 C 4 6
                    L10 H  (1,3,7) (2,2,5) (4,4,5) (5,5,4) (6,6,5) (7,7,5) (8,8,5) (9,9,5) (10,10,4) (11,11,5)
                  L9 H  (1,10,7) (2,2,5) (3,3,4) (4,4,5) (5,5,5) (6,6,5) (7,7,5) (8,8,4) (9,9,5) (11,11,5)
                L8 H  (1,1,4) (2,2,5) (3,3,4) (4,4,5) (5,5,5) (6,6,4) (7,7,5) (8,8,4) (9,9,5) (10,10,4) (11,11,5)
              L7 C 4 -5
                L8 S 9 0 7 349
              L7 C 7 -5
                L8 S 2 0 4 334
              L7 H  (1,1,4) (2,2,5) (3,3,4) (4,4,5) (5,5,4) (6,6,4) (7,7,5) (8,8,4) (9,9,5) (10,10,4) (11,11,5)
            L6 C 2 -5
              L7 S 5 1 2 194
            L6 H  (1,1,3) (2,2,5) (3,3,4) (4,4,5) (5,8,9) (6,6,5) (7,7,5) (9,9,5) (10,10,4) (11,11,5)
          L5 C 11 8
            L6 H  (1,1,4) (2,2,5) (3,3,5) (4,4,5) (5,5,5) (6,6,5) (7,7,4) (8,8,5) (9,9,4) (10,10,4) (11,11,2)
          L5 C 9 -5
            L6 C 4 -5
              L7 S 8 1 4 334
            L6 H  (1,1,4) (2,2,5) (3,3,4) (4,4,5) (5,5,4) (6,6,5) (7,7,4) (8,8,5) (9,9,4) (10,10,4) (11,11,5)
          L5 H  (1,1,4) (2,2,5) (3,3,5) (4,4,5) (5,5,5) (6,6,5) (7,7,4) (8,8,4) (9,9,4) (10,10,4) (11,11,5)
        L4 C 8 -5
          L5 H  (1,1,4) (2,2,5) (3,8,9) (4,4,5) (5,5,5) (6,6,5) (7,7,5) (9,9,4) (10,10,4) (11,11,4)
        L4 H  (1,1,4) (2,2,5) (3,3,5) (4,4,5) (5,5,5) (6,6,5) (7,7,4) (8,8,5) (9,9,4) (10,10,4) (11,11,4)
      L3 C 11 -5
        L4 S 6 1 3 367
      L3 C 7 -5
        L4 C 2 -5
          L5 S 4 1 3 367
        L4 H  (1,1,4) (2,2,5) (3,3,4) (4,4,5) (5,5,4) (6,6,5) (7,7,4) (8,8,5) (9,9,5) (10,10,4) (11,11,5)
      L3 H  (1,1,4) (2,2,5) (3,3,5) (4,4,5) (5,5,4) (6,6,4) (7,7,4) (8,8,4) (9,9,5) (10,10,4) (11,11,5)
    L2 C 6 -5
      L3 C 11 -5
        L4 C 8 -5
          L5 C 4 -5
            L6 S 3 0 2 374
          L5 H  (1,1,5) (2,2,4) (3,3,4) (4,4,4) (5,5,4) (6,6,5) (7,7,5) (8,11,9) (9,9,5) (10,10,5)
        L4 C 9 -5
          L5 S 6 1 4 380
        L4 H  (1,1,5) (2,2,4) (3,3,5) (4,4,4) (5,5,5) (6,6,5) (7,7,4) (8,8,4) (9,9,4) (10,10,4) (11,11,5)
      L3 C 10 -5
        L4 C 2 7
          L5 S 5 0 2 156
        L4 C 4 7
          L5 S 1 1 2 194
        L4 C 8 -5
          L5 S 1 1 2 374
        L4 H  (1,1,4) (2,2,4) (3,3,5) (4,4,4) (5,5,5) (6,6,5) (7,7,4) (8,8,5) (9,9,4) (10,10,4) (11,11,5)
      L3 H  (1,1,4) (2,2,4) (3,3,5) (4,4,4) (5,5,5) (6,6,5) (7,7,5) (8,8,5) (9,9,4) (10,10,4) (11,11,4)
    L2 C 11 -5
      L3 S 6 1 2 392
    L2 H  (1,1,4) (2,2,4) (3,3,5) (4,4,4) (5,5,4) (6,6,5) (7,7,4) (8,8,5) (9,9,5) (10,10,4) (11,11,5)
  L1 C 8 -5
    L2 S 7 0 1 395
  L1 C 4 7
    L2 C 9 7
      L3 C 6 7
        L4 H  (1,1,5) (2,2,5) (3,3,4) (4,4,4) (5,5,1) (6,6,4) (7,7,3) (8,8,4) (9,9,4) (10,10,4) (11,11,5)
      L3 C 7 7
        L4 S 10 1 3 401
      L3 H  (1,1,5) (2,2,5) (3,3,4) (4,4,4) (5,5,4) (6,6,4) (7,7,4) (8,8,4) (9,9,4) (10,10,4) (11,11,5)
    L2 C 7 7
      L3 H  (1,1,5) (2,2,5) (3,3,4) (4,4,4) (5,5,4) (6,6,3) (7,7,4) (8,8,4) (9,9,4) (10,10,5) (11,11,5)
    L2 C 10 7
      L3 H  (1,1,5) (2,2,5) (3,3,4) (4,4,4) (5,5,4) (6,6,4) (7,7,4) (8,8,5) (9,9,3) (10,10,5) (11,11,4)
    L2 H  (1,1,5) (2,2,5) (3,3,4) (4,4,4) (5,5,4) (6,6,4) (7,7,4) (8,8,5) (9,9,4) (10,10,5) (11,11,5)
  L1 C 9 7
    L2 S 10 1 1 409
  L1 C 6 7
    L2 H  (1,1,5) (2,2,5) (3,3,5) (4,4,4) (5,5,4) (6,6,4) (7,7,3) (8,8,5) (9,9,4) (10,10,5) (11,11,5)
  L1 C 7 7
    L2 S 10 1 1 413
  L1 C 3 7
    L2 H  (1,1,5) (2,2,4) (3,3,5) (4,4,3) (5,5,5) (6,6,4) (7,7,4) (8,8,5) (9,9,4) (10,10,5) (11,11,5)
  L1 C 10 7
    L2 S 10 1 1 417
  L1 C 5 8
    L2 H  (1,1,5) (2,2,5) (3,3,5) (4,4,4) (5,5,2) (6,6,4) (7,7,4) (8,8,5) (9,9,4) (10,10,5) (11,11,5)
  L1 C 8 8
    L2 S 10 1 1 421
  L1 C 2 -5
    L2 C 5 7
      L3 S 1 0 1 409
    L2 C 6 -5
      L3 S 1 0 1 395
    L2 H  (1,1,5) (2,2,5) (3,3,5) (4,4,4) (5,5,4) (6,6,4) (7,7,4) (8,8,5) (9,9,4) (10,10,5) (11,11,5)
  L1 H  (1,1,4) (2,2,5) (3,3,4) (4,4,4) (5,5,5) (6,6,4) (7,7,4) (8,8,5) (9,9,4) (10,10,5) (11,11,5)
L0 C 2 -5
  L1 S 1 0 0 430
L0 C 3 -5
  L1 S 2 0 0 430
L0 C 4 -5
  L1 S 3 0 0 430
L0 C 5 -5
  L1 S 4 0 0 430
L0 C 6 -5
  L1 S 5 0 0 430
L0 C 7 -5
  L1 S 4 1 0 430
L0 H  (1,1,4) (2,2,4) (3,3,4) (4,4,4) (5,5,4) (6,6,4) (7,7,4) (8,8,4) (9,9,5) (10,10,5) (11,11,4)
Q.E.D.