Degree 6
L0 C 1 -5
  L1 C 2 -5
    L2 C 3 -5
      L3 R
    L2 C 6 -5
      L3 S 4 1 2 6
    L2 C 4 -5
      L3 C 3 -6
        L4 R
      L3 C 5 -5
        L4 C 6 -6
          L5 S 3 0 3 11
        L4 C 7 6
          L5 H  (1,3,-2) (1,5,5) (2,2,2) (3,4,-2) (4,6,-2) (5,6,-2)
        L4 H  (1,1,3) (2,2,3) (3,6,-10) (4,4,2) (5,5,2)
      L3 C 5 7
        L4 C 6 7
          L5 H  (1,3,-1) (1,6,0) (2,6,0) (2,4,5) (3,5,-4) (4,5,1)
        L4 H  (1,3,-1) (1,6,1) (2,6,1) (2,4,5) (3,5,-5) (4,5,0)
      L3 C 6 -6
        L4 R
      L3 C 10 7
        L4 H  (1,3,-1) (1,6,-1) (2,6,-1) (2,5,3) (3,5,-3) (4,4,2)
      L3 C 10 6
        L4 C 7 6
          L5 H  (1,1,2) (2,2,2) (3,6,-6) (3,5,-3) (4,6,-1) (4,5,3)
        L4 H  (1,1,3) (2,2,3) (3,6,-8) (3,5,-4) (4,4,2) (5,6,-3)
      L3 H  (1,6,-2) (1,5,4) (2,2,2) (3,6,-8) (3,5,-3) (4,4,3)
    L2 C 5 -5
      L3 S 4 1 2 30
    L2 C 4 7
      L3 C 6 7
        L4 C 3 7
          L5 H  (1,3,0) (1,6,0) (2,6,0) (2,5,3) (3,4,-2) (4,5,0)
        L4 H  (1,6,0) (1,3,1) (2,3,1) (2,5,3) (4,6,-3) (4,5,-1)
      L3 C 12 -5
        L4 R
      L3 C 5 7
        L4 C 3 7
          L5 S 4 1 3 37
        L4 H  (1,3,1) (1,6,1) (2,6,1) (2,5,2) (3,4,-2) (4,5,-2)
      L3 C 11 -5
        L4 R
      L3 C 3 7
        L4 H  (1,3,0) (1,6,1) (2,6,1) (2,4,3) (3,5,-3) (4,5,-1)
      L3 H  (1,3,1) (1,6,1) (2,6,1) (2,5,2) (3,4,-2) (4,5,-2)
    L2 C 5 7
      L3 S 4 1 2 48
    L2 C 3 7
      L3 C 6 7
        L4 C 10 7
          L5 H  (1,3,0) (1,6,0) (2,6,0) (2,5,3) (3,4,-2) (4,5,0)
        L4 C 10 6
          L5 C 7 6
            L6 H  (1,1,2) (2,2,2) (3,5,-2) (4,6,-2)
          L5 H  (1,1,3) (2,2,3) (3,6,-6) (4,4,0) (5,5,0)
        L4 C 7 6
          L5 H  (1,1,2) (2,2,2) (3,5,-2) (4,6,-2)
        L4 H  (1,1,3) (2,2,3) (3,6,-8) (4,4,1) (5,5,1)
      L3 H  (1,3,0) (1,6,1) (2,6,1) (2,4,3) (3,5,-3) (4,5,-1)
    L2 C 6 7
      L3 S 4 1 2 62
    L2 R
  L1 C 6 -5
    L2 S 5 0 1 65
  L1 C 3 -5
    L2 C 4 -5
      L3 S 2 0 1 65
    L2 C 5 -5
      L3 C 2 7
        L4 C 4 7
          L5 C 6 7
            L6 H  (1,1,2) (2,4,-4) (3,3,2) (5,5,2) (6,6,-2)
          L5 H  (1,1,1) (2,4,-4) (3,3,2) (5,5,1) (6,6,0)
        L4 C 6 7
          L5 S 3 1 4 76
        L4 R
      L3 C 4 7
        L4 S 1 1 3 79
      L3 R
    L2 C 4 7
      L3 C 6 7
        L4 C 2 7
          L5 H  (1,1,2) (2,4,-3) (3,3,2) (5,6,-1)
        L4 H  (1,1,1) (2,2,0) (3,3,1) (4,6,-2) (5,5,0)
      L3 C 2 7
        L4 H  (1,5,1) (1,3,5) (2,6,-2) (3,4,1) (4,5,-2)
      L3 H  (1,5,0) (1,6,2) (2,4,-1) (2,6,0) (3,3,1) (4,5,-2)
    L2 C 6 7
      L3 S 3 1 2 90
    L2 C 5 -6
      L3 R
    L2 C 2 7
      L3 C 9 7
        L4 H  (1,5,0) (1,4,3) (2,6,-2) (3,3,2) (4,5,-2)
      L3 C 12 7
        L4 S 3 1 3 97
      L3 C 9 6
        L4 C 12 6
          L5 C 7 6
            L6 H  (1,5,0) (1,3,5) (2,4,-2) (3,5,0) (6,6,0)
          L5 H  (1,1,2) (2,5,-5) (2,4,-3) (3,5,0) (3,4,3) (6,6,1)
        L4 C 16 -5
          L5 R
        L4 C 18 -5
          L5 R
        L4 C 7 6
          L5 H  (1,1,3) (2,5,-6) (2,4,-3) (3,3,2) (4,5,-2) (6,6,1)
        L4 H  (1,1,3) (2,5,-7) (2,4,-4) (3,3,2) (4,5,-2) (6,6,2)
      L3 C 12 6
        L4 S 3 1 3 111
      L3 R
    L2 H  (1,5,-1) (1,3,3) (2,2,0) (3,5,-1) (4,4,0) (6,6,0)
  L1 C 5 -5
    L2 S 4 0 1 115
  L1 C 4 -5
    L2 C 2 7
      L3 C 5 7
        L4 C 3 7
          L5 C 6 7
            L6 H  (1,1,2) (2,3,-2) (4,4,2) (5,6,-2)
          L5 H  (1,5,0) (1,4,5) (2,6,-1) (3,5,-3) (3,4,1)
        L4 C 6 7
          L5 S 3 0 4 124
        L4 C 9 7
          L5 H  (1,5,0) (1,4,5) (2,6,-2) (3,5,-2) (3,4,2)
        L4 C 12 7
          L5 S 3 0 4 128
        L4 C 9 6
          L5 C 12 6
            L6 C 7 6
              L7 C 10 6
                L8 H  (1,5,0) (2,3,-2) (2,4,0) (3,6,0) (4,6,3)
              L7 H  (1,5,-1) (1,6,3) (2,5,-5) (2,6,-2) (3,3,1) (4,4,2)
            L6 H  (1,1,2) (2,5,-5) (2,4,-1) (3,5,-2) (3,4,3) (6,6,1)
          L5 H  (1,1,3) (2,6,-2) (3,5,-3) (4,4,2)
        L4 H  (1,1,2) (2,6,-3) (3,5,-2) (4,4,3)
      L3 C 6 -6
        L4 R
      L3 C 3 7
        L4 S 2 1 3 139
      L3 C 9 7
        L4 H  (1,2,0) (1,4,5) (2,6,-4) (3,5,0) (4,6,0)
      L3 C 10 7
        L4 S 5 1 3 145
      L3 C 9 -5
        L4 R
      L3 C 10 -5
        L4 S 5 1 3 149
      L3 C 15 6
        L4 H  (1,1,2) (2,6,-4) (2,3,-2) (3,5,0) (4,6,0) (4,5,3)
      L3 H  (1,1,2) (2,6,-5) (2,3,-3) (3,5,0) (4,6,1) (4,5,4)
    L2 C 3 7
      L3 S 2 1 2 154
    L2 R
  L1 C 4 7
    L2 C 2 7
      L3 C 6 7
        L4 H  (1,1,2) (2,6,-2) (3,3,0) (4,4,0) (5,5,0)
      L3 H  (1,5,1) (1,4,3) (2,6,-1) (3,5,-1) (3,4,0)
    L2 C 6 7
      L3 S 5 1 2 162
    L2 C 3 7
      L3 C 5 7
        L4 C 7 7
          L5 H  (1,5,1) (1,4,3) (2,6,0) (3,5,-2) (3,4,-1)
        L4 C 12 7
          L5 S 5 1 4 168
        L4 C 7 -5
          L5 R
        L4 C 12 -5
          L5 S 5 1 4 172
        L4 C 14 6
          L5 H  (1,5,1) (1,6,3) (2,3,-1) (2,4,0) (3,5,-2) (4,6,0)
        L4 H  (1,5,2) (1,6,4) (2,3,-2) (2,4,0) (3,5,-3) (4,6,0)
      L3 C 11 -5
        L4 R
      L3 C 12 7
        L4 H  (1,3,1) (1,4,3) (2,6,0) (3,5,-2) (4,5,-1)
      L3 C 7 -5
        L4 R
      L3 C 12 6
        L4 C 11 7
          L5 C 14 6
            L6 H  (1,5,1) (1,6,3) (2,3,-1) (2,4,0) (3,5,-2) (4,6,0)
          L5 C 18 6
            L6 H  (1,3,1) (1,6,3) (2,5,-1) (2,4,0) (3,5,-2) (4,6,0)
          L5 H  (1,3,2) (1,6,4) (2,5,-2) (2,4,0) (3,5,-3) (4,6,0)
        L4 H  (1,3,1) (1,6,3) (2,5,-1) (2,4,0) (3,5,-2) (4,6,0)
      L3 H  (1,1,3) (2,5,-3) (3,3,-1) (4,4,0) (6,6,1)
    L2 C 5 7
      L3 S 5 1 2 192
    L2 C 8 -5
      L3 R
    L2 C 11 -5
      L3 S 5 1 2 196
    L2 C 7 7
      L3 H  (1,5,1) (1,4,3) (2,6,0) (3,5,-2) (3,4,-1)
    L2 C 12 7
      L3 S 5 1 2 200
    L2 C 7 -5
      L3 R
    L2 C 12 -5
      L3 S 5 1 2 204
    L2 C 8 7
      L3 C 11 7
        L4 C 14 6
          L5 H  (1,5,1) (1,6,3) (2,3,-1) (2,4,0) (3,5,-2) (4,6,0)
        L4 H  (1,5,2) (1,6,4) (2,3,-2) (2,4,0) (3,5,-3) (4,6,0)
      L3 H  (1,3,1) (1,6,3) (2,5,-1) (2,4,0) (3,5,-2) (4,6,0)
    L2 H  (1,5,1) (1,6,3) (2,3,-1) (2,4,0) (3,5,-2) (4,6,0)
  L1 C 3 7
    L2 C 5 7
      L3 C 2 7
        L4 C 6 7
          L5 H  (1,1,2) (2,6,-2) (3,3,0) (4,4,0) (5,5,0)
        L4 H  (1,5,1) (1,4,3) (2,6,-1) (3,5,-1) (3,4,0)
      L3 C 6 7
        L4 S 5 1 3 219
      L3 C 7 7
        L4 H  (1,5,1) (1,4,3) (2,6,0) (3,5,-2) (3,4,-1)
      L3 C 12 7
        L4 S 5 1 3 223
      L3 C 7 -5
        L4 R
      L3 C 12 -5
        L4 S 5 1 3 227
      L3 C 14 6
        L4 H  (1,5,1) (1,6,3) (2,3,-1) (2,4,0) (3,5,-2) (4,6,0)
      L3 H  (1,5,2) (1,6,4) (2,3,-2) (2,4,0) (3,5,-3) (4,6,0)
    L2 C 6 7
      L3 C 10 7
        L4 C 2 7
          L5 H  (1,1,2) (2,6,-2) (3,3,0) (4,4,0) (5,5,0)
        L4 H  (1,3,1) (1,5,3) (2,6,-1) (3,4,-1) (4,5,0)
      L3 C 10 6
        L4 C 2 7
          L5 H  (1,1,2) (2,2,-1) (3,5,0) (4,6,-1)
        L4 C 7 7
          L5 H  (1,1,2) (2,2,0) (3,5,-1) (4,6,-1)
        L4 C 7 6
          L5 C 16 7
            L6 C 17 7
              L7 H  (1,3,1) (1,2,3) (2,6,-1) (3,6,-2) (4,4,0) (5,5,0)
            L6 C 11 6
              L7 C 12 6
                L8 H  (1,3,1) (1,5,3) (2,3,-1) (2,5,0) (4,6,-1)
              L7 H  (1,1,2) (2,2,1) (3,6,-3) (3,5,-1) (4,6,-2) (4,5,1)
            L6 C 6 -7
              L7 R
            L6 C 12 6
              L7 H  (1,3,1) (2,6,-2) (2,5,0) (4,6,-1) (4,5,2)
            L6 H  (1,1,2) (2,2,1) (3,6,-4) (3,5,-1) (4,6,-2) (4,5,2)
          L5 C 17 7
            L6 C 9 6
              L7 H  (1,3,1) (1,5,3) (2,6,-1) (3,5,-1) (4,4,0)
            L6 H  (1,3,0) (1,5,4) (2,6,-1) (3,5,-1) (4,4,0)
          L5 C 9 6
            L6 C 11 6
              L7 C 12 6
                L8 H  (1,3,1) (1,5,3) (2,2,0) (3,5,-1) (4,6,-1)
              L7 H  (1,1,2) (2,2,1) (3,6,-3) (3,5,-1) (4,6,-2) (4,5,1)
            L6 C 6 -7
              L7 R
            L6 C 16 -5
              L7 R
            L6 C 12 6
              L7 H  (1,3,1) (2,6,-2) (2,5,0) (4,6,-1) (4,5,2)
            L6 H  (1,1,2) (2,2,1) (3,6,-4) (3,5,-1) (4,6,-2) (4,5,2)
          L5 H  (1,3,0) (1,5,4) (2,6,-1) (3,5,-1) (4,4,0)
        L4 C 14 -5
          L5 R
        L4 C 16 -5
          L5 R
        L4 C 17 -5
          L5 R
        L4 C 9 6
          L5 C 11 6
            L6 H  (1,1,3) (2,6,-1) (2,5,2) (3,6,-4) (3,4,-2) (4,5,0)
          L5 C 12 6
            L6 H  (1,1,3) (2,2,1) (3,6,-4) (3,5,-2) (4,6,-2) (4,5,1)
          L5 H  (1,1,3) (2,2,2) (3,6,-5) (3,5,-2) (4,6,-3) (4,5,1)
        L4 C 11 6
          L5 H  (1,1,3) (2,6,-1) (3,4,-2) (3,5,-2) (4,5,1)
        L4 C 12 6
          L5 H  (1,1,3) (2,2,1) (3,6,-4) (3,5,-2) (4,6,-2) (4,5,1)
        L4 H  (1,1,3) (2,2,2) (3,6,-5) (3,5,-2) (4,6,-3) (4,5,1)
      L3 C 2 7
        L4 H  (1,2,1) (1,4,4) (2,6,-3) (3,5,0) (4,6,-1)
      L3 C 7 7
        L4 H  (1,1,2) (2,3,-2) (2,5,2) (3,5,-1) (4,6,-1)
      L3 C 7 6
        L4 C 16 7
          L5 C 17 7
            L6 H  (1,3,0) (1,2,3) (2,6,-2) (3,6,-4) (4,4,1) (5,5,1)
          L5 C 17 6
            L6 C 11 6
              L7 H  (1,3,0) (1,2,3) (2,6,-2) (3,6,-4) (4,4,1) (5,5,1)
            L6 H  (1,3,0) (1,2,3) (2,6,-3) (3,6,-5) (4,4,2) (5,5,1)
          L5 H  (1,3,0) (1,2,3) (2,6,-3) (3,6,-5) (4,4,2) (5,5,1)
        L4 C 17 7
          L5 H  (1,3,0) (1,5,4) (2,6,-2) (3,5,-1) (4,4,1)
        L4 C 16 6
          L5 C 17 6
            L6 C 9 6
              L7 C 11 6
                L8 H  (1,3,0) (1,2,3) (2,6,-2) (3,6,-4) (4,4,1) (5,5,1)
              L7 H  (1,3,0) (1,2,3) (2,6,-3) (3,6,-5) (4,4,2) (5,5,1)
            L6 C 3 -7
              L7 R
            L6 C 14 -5
              L7 R
            L6 C 11 6
              L7 H  (1,1,2) (2,3,-2) (2,6,-2) (3,6,-5) (4,4,1) (5,5,2)
            L6 H  (1,1,2) (2,6,-3) (2,3,-2) (3,6,-6) (4,4,2) (5,5,2)
          L5 H  (1,3,0) (1,2,3) (2,6,-3) (3,6,-5) (4,4,2) (5,5,1)
        L4 H  (1,1,2) (2,3,-2) (2,6,-2) (3,6,-5) (4,4,1) (5,5,2)
      L3 H  (1,1,3) (2,6,-2) (3,4,-2) (3,5,-2) (4,5,3)
    L2 C 10 -5
      L3 R
    L2 C 11 -5
      L3 R
    L2 C 12 7
      L3 C 2 7
        L4 H  (1,1,2) (2,5,-2) (3,3,0) (4,4,0) (6,6,0)
      L3 H  (1,3,1) (1,4,3) (2,6,0) (3,5,-2) (4,5,-1)
    L2 C 2 7
      L3 H  (1,5,1) (1,4,3) (2,6,-1) (3,5,-1) (3,4,0)
    L2 C 7 -5
      L3 R
    L2 C 12 6
      L3 C 10 7
        L4 C 18 6
          L5 H  (1,3,1) (1,6,3) (2,5,-1) (2,4,0) (3,5,-2) (4,6,0)
        L4 H  (1,3,2) (1,6,4) (2,5,-2) (2,4,0) (3,5,-3) (4,6,0)
      L3 C 16 -5
        L4 R
      L3 C 17 -5
        L4 R
      L3 C 18 6
        L4 H  (1,3,1) (1,6,3) (2,5,-1) (2,4,0) (3,5,-2) (4,6,0)
      L3 H  (1,3,2) (1,6,4) (2,5,-2) (2,4,0) (3,5,-3) (4,6,0)
    L2 H  (1,1,3) (2,5,-3) (3,3,-1) (4,4,0) (6,6,1)
  L1 C 5 7
    L2 S 5 1 1 345
  L1 C 2 7
    L2 C 6 7
      L3 C 9 7
        L4 H  (1,1,2) (2,2,-1) (3,5,0) (4,6,-1)
      L3 C 10 7
        L4 S 5 1 3 351
      L3 C 9 6
        L4 C 16 -5
          L5 R
        L4 C 10 6
          L5 C 15 7
            L6 H  (1,1,2) (2,2,-1) (3,3,0) (4,6,-1) (5,5,0)
          L5 C 17 7
            L6 H  (1,1,2) (2,4,-1) (3,6,-1) (5,5,0)
          L5 C 8 6
            L6 C 11 6
              L7 C 15 6
                L8 H  (1,1,2) (2,6,-2) (2,3,-1) (3,5,0) (4,6,-1) (4,5,1)
              L7 H  (1,1,2) (2,6,-3) (2,3,-2) (3,5,0) (4,6,0) (4,5,2)
            L6 C 6 -7
              L7 R
            L6 C 15 6
              L7 H  (1,1,2) (2,6,-3) (2,3,-1) (3,5,0) (4,6,-1) (4,5,2)
            L6 H  (1,1,2) (2,6,-4) (2,3,-2) (3,5,0) (4,6,0) (4,5,3)
          L5 C 11 6
            L6 S 5 1 5 371
          L5 C 2 -7
            L6 R
          L5 C 6 -7
            L6 S 5 1 5 375
          L5 C 15 6
            L6 H  (1,1,2) (2,6,-4) (3,3,0) (4,4,2) (5,5,0)
          L5 H  (1,1,2) (2,6,-5) (2,3,-3) (3,5,0) (4,6,1) (4,5,4)
        L4 C 15 -5
          L5 R
        L4 C 16 -6
          L5 R
        L4 C 17 7
          L5 H  (1,1,2) (2,6,-3) (2,4,0) (3,6,-3) (3,5,0) (4,5,3)
        L4 C 17 6
          L5 C 8 6
            L6 H  (1,1,2) (2,6,-3) (2,3,-2) (3,5,0) (4,6,-1) (4,5,3)
          L5 C 11 6
            L6 H  (1,1,2) (2,6,-3) (2,4,0) (3,6,-3) (3,5,0) (4,5,3)
          L5 H  (1,1,2) (2,6,-4) (3,3,-1) (4,4,2) (5,5,1)
        L4 H  (1,1,2) (2,6,-4) (3,3,-1) (4,4,2) (5,5,1)
      L3 C 10 6
        L4 S 5 1 3 393
      L3 R
    L2 H  (1,5,1) (1,3,3) (2,6,-1) (3,5,-1) (4,4,0)
  L1 C 6 7
    L2 S 5 1 1 397
  L1 R
L0 C 2 -5
  L1 S 1 0 0 400
L0 C 3 -5
  L1 S 2 0 0 400
L0 C 4 -5
  L1 S 2 1 0 400
L0 C 5 -5
  L1 S 1 1 0 400
L0 C 6 -5
  L1 S 0 1 0 400
L0 C 1 7
  L1 C 4 7
    L2 C 2 7
      L3 H  (1,5,0) (2,2,0) (3,3,0) (4,6,0)
    L2 C 3 7
      L3 S 2 1 2 414
    L2 C 5 7
      L3 S 3 0 2 414
    L2 C 6 7
      L3 S 5 1 2 414
    L2 C 8 7
      L3 H  (1,5,0) (2,2,0) (3,3,0) (4,6,0)
    L2 C 11 7
      L3 S 3 0 2 422
    L2 C 8 6
      L3 C 11 6
        L4 C 14 7
          L5 C 15 7
            L6 H  (1,5,0) (2,2,0) (3,3,0) (4,6,0)
          L5 C 17 7
            L6 H  (1,5,0) (2,4,0) (3,3,0) (6,6,0)
          L5 C 18 7
            L6 C 9 6
              L7 C 10 6
                L8 C 15 6
                  L9 H  (1,1,0) (2,2,0) (3,3,0) (4,5,0) (4,6,0) (5,6,1)
                L8 H  (1,4,-1) (1,3,0) (2,2,1) (3,5,0) (4,6,-1) (5,6,1)
              L7 C 15 6
                L8 H  (1,4,-1) (1,2,0) (2,3,0) (3,5,0) (4,6,0) (5,6,2)
              L7 H  (1,4,-2) (1,3,0) (2,2,1) (3,5,0) (4,6,-1) (5,6,2)
            L6 C 10 6
              L7 C 15 6
                L8 H  (1,4,-1) (1,3,0) (2,2,1) (3,5,0) (4,6,-1) (5,6,1)
              L7 H  (1,4,-2) (1,3,0) (2,2,2) (3,5,0) (4,6,-2) (5,6,1)
            L6 C 4 -7
              L7 R
            L6 C 15 6
              L7 H  (1,4,-2) (1,3,0) (2,2,1) (3,5,0) (4,6,-1) (5,6,2)
            L6 H  (1,4,-3) (1,3,0) (2,2,2) (3,5,0) (4,6,-2) (5,6,2)
          L5 C 9 6
            L6 C 10 6
              L7 C 12 6
                L8 C 15 6
                  L9 H  (1,2,0) (1,5,0) (2,3,0) (3,4,0) (4,6,0) (5,6,1)
                L8 H  (1,4,-1) (1,5,0) (2,2,1) (3,3,0) (4,6,-1) (5,6,1)
              L7 H  (1,3,-1) (1,5,0) (2,4,0) (3,6,0) (5,6,2)
            L6 C 12 -5
              L7 R
            L6 C 18 -5
              L7 R
            L6 C 15 6
              L7 H  (1,4,-1) (1,2,0) (2,3,0) (3,5,0) (4,6,0) (5,6,2)
            L6 H  (1,4,-2) (1,3,0) (2,2,1) (3,5,0) (4,6,-1) (5,6,2)
          L5 C 10 6
            L6 C 12 6
              L7 C 15 6
                L8 H  (1,4,-1) (1,5,0) (2,2,1) (3,3,0) (4,6,-1) (5,6,1)
              L7 H  (1,4,-2) (1,5,0) (2,2,2) (3,3,0) (4,6,-2) (5,6,1)
            L6 H  (1,3,-1) (1,5,0) (2,4,0) (3,6,0) (5,6,2)
          L5 C 4 -7
            L6 R
          L5 C 12 -5
            L6 R
          L5 C 18 -5
            L6 R
          L5 C 15 6
            L6 H  (1,4,-2) (1,3,0) (2,2,1) (3,5,0) (4,6,-1) (5,6,2)
          L5 H  (1,4,-3) (1,3,0) (2,2,2) (3,5,0) (4,6,-2) (5,6,2)
        L4 C 15 7
          L5 C 17 7
            L6 C 18 7
              L7 H  (1,3,0) (2,2,0) (4,4,0) (5,5,0) (6,6,0)
            L6 C 7 6
              L7 C 12 6
                L8 C 14 6
                  L9 H  (1,2,0) (1,5,0) (2,3,0) (3,4,0) (4,6,0) (5,6,1)
                L8 H  (1,2,-1) (1,5,-1) (2,4,0) (3,3,1) (4,6,0) (5,6,1)
              L7 C 14 6
                L8 H  (1,2,-1) (1,5,0) (2,3,0) (3,4,0) (4,6,0) (5,6,2)
              L7 H  (1,2,-2) (1,5,-1) (2,4,0) (3,3,1) (4,6,0) (5,6,2)
            L6 C 12 6
              L7 C 14 6
                L8 H  (1,2,-1) (1,5,-1) (2,4,0) (3,3,1) (4,6,0) (5,6,1)
              L7 H  (1,2,-2) (1,5,-2) (2,4,0) (3,3,2) (4,6,0) (5,6,1)
            L6 C 1 -7
              L7 R
            L6 C 14 6
              L7 H  (1,2,-2) (1,5,-1) (2,4,0) (3,3,1) (4,6,0) (5,6,2)
            L6 H  (1,2,-3) (1,5,-2) (2,4,0) (3,3,2) (4,6,0) (5,6,2)
          L5 C 18 7
            L6 H  (1,3,0) (2,2,0) (4,6,0) (5,5,0)
          L5 C 7 6
            L6 C 10 6
              L7 C 12 6
                L8 C 14 6
                  L9 H  (1,2,0) (1,5,0) (2,3,0) (3,4,0) (4,6,0) (5,6,1)
                L8 H  (1,2,-1) (1,5,-1) (2,4,0) (3,3,1) (4,6,0) (5,6,1)
              L7 C 17 -5
                L8 R
              L7 C 14 6
                L8 H  (1,2,-1) (1,5,0) (2,3,0) (3,4,0) (4,6,0) (5,6,2)
              L7 H  (1,2,-2) (1,5,-1) (2,4,0) (3,3,1) (4,6,0) (5,6,2)
            L6 H  (1,3,0) (2,4,-1) (2,5,0) (4,6,0) (5,6,2)
          L5 C 10 6
            L6 C 12 6
              L7 C 14 6
                L8 H  (1,2,-1) (1,5,-1) (2,4,0) (3,3,1) (4,6,0) (5,6,1)
              L7 H  (1,2,-2) (1,5,-2) (2,4,0) (3,3,2) (4,6,0) (5,6,1)
            L6 C 1 -7
              L7 R
            L6 C 17 -5
              L7 R
            L6 C 14 6
              L7 H  (1,2,-2) (1,5,-1) (2,4,0) (3,3,1) (4,6,0) (5,6,2)
            L6 H  (1,2,-3) (1,5,-2) (2,4,0) (3,3,2) (4,6,0) (5,6,2)
          L5 H  (1,2,-1) (1,3,0) (2,5,0) (3,5,2) (4,6,0)
        L4 C 17 7
          L5 C 18 7
            L6 H  (1,3,0) (2,4,0) (5,5,0) (6,6,0)
          L5 C 7 6
            L6 C 9 6
              L7 C 12 6
                L8 C 14 6
                  L9 H  (1,3,0) (1,5,0) (2,4,0) (3,6,0) (5,6,1)
                L8 H  (1,2,-1) (1,5,-1) (2,4,0) (3,3,1) (4,6,0) (5,6,1)
              L7 C 14 6
                L8 H  (1,3,-1) (1,5,0) (2,4,0) (3,6,0) (5,6,2)
              L7 H  (1,2,-2) (1,5,-1) (2,4,0) (3,3,1) (4,6,0) (5,6,2)
            L6 H  (1,5,0) (2,4,0) (2,6,2) (3,4,-1) (3,6,0)
          L5 C 9 -5
            L6 R
          L5 C 15 -5
            L6 R
          L5 C 12 6
            L6 C 14 6
              L7 H  (1,2,-1) (1,5,-1) (2,4,0) (3,3,1) (4,6,0) (5,6,1)
            L6 H  (1,2,-2) (1,5,-2) (2,4,0) (3,3,2) (4,6,0) (5,6,1)
          L5 C 1 -7
            L6 R
          L5 C 14 6
            L6 H  (1,2,-2) (1,5,-1) (2,4,0) (3,3,1) (4,6,0) (5,6,2)
          L5 H  (1,2,-3) (1,5,-2) (2,4,0) (3,3,2) (4,6,0) (5,6,2)
        L4 C 18 7
          L5 C 7 6
            L6 C 9 6
              L7 C 10 6
                L8 C 14 6
                  L9 C 15 6
                    L10 H  (1,1,0) (2,2,0) (3,3,0) (4,5,0) (4,6,0) (5,6,1)
                  L9 H  (1,4,-1) (1,3,0) (2,2,1) (3,5,0) (4,6,-1) (5,6,1)
                L8 H  (1,1,-1) (2,2,0) (3,3,1) (4,5,0) (4,6,0) (5,6,1)
              L7 C 14 6
                L8 C 15 6
                  L9 H  (1,4,-1) (1,2,0) (2,3,0) (3,5,0) (4,6,0) (5,6,2)
                L8 H  (1,4,-2) (1,3,0) (2,2,1) (3,5,0) (4,6,-1) (5,6,2)
              L7 H  (1,4,-2) (1,2,-1) (2,5,0) (3,3,1) (4,6,0) (5,6,2)
            L6 C 14 -5
              L7 R
            L6 C 10 6
              L7 C 15 6
                L8 H  (1,4,-1) (1,3,0) (2,2,1) (3,5,0) (4,6,-1) (5,6,1)
              L7 H  (1,4,-2) (1,3,0) (2,2,2) (3,5,0) (4,6,-2) (5,6,1)
            L6 C 4 -7
              L7 R
            L6 C 15 6
              L7 H  (1,4,-2) (1,3,0) (2,2,1) (3,5,0) (4,6,-1) (5,6,2)
            L6 H  (1,4,-3) (1,3,0) (2,2,2) (3,5,0) (4,6,-2) (5,6,2)
          L5 H  (1,2,-1) (1,3,0) (2,5,0) (3,5,2) (4,6,0)
        L4 C 7 6
          L5 C 9 6
            L6 C 10 6
              L7 C 12 6
                L8 C 14 6
                  L9 C 15 6
                    L10 H  (1,2,0) (1,5,0) (2,3,0) (3,4,0) (4,6,0) (5,6,1)
                  L9 H  (1,4,-1) (1,5,0) (2,2,1) (3,3,0) (4,6,-1) (5,6,1)
                L8 H  (1,2,-1) (1,5,-1) (2,4,0) (3,3,1) (4,6,0) (5,6,1)
              L7 C 17 -5
                L8 R
              L7 C 14 6
                L8 H  (1,3,-1) (1,5,0) (2,4,0) (3,6,0) (5,6,2)
              L7 H  (1,2,-2) (1,5,-1) (2,4,0) (3,3,1) (4,6,0) (5,6,2)
            L6 C 12 6
              L7 S 2 1 6 592
            L6 R
          L5 C 14 -5
            L6 R
          L5 C 10 6
            L6 C 12 6
              L7 S 3 0 5 595
            L6 H  (1,3,-1) (1,5,0) (2,4,0) (3,6,0) (5,6,2)
          L5 C 4 -7
            L6 R
          L5 C 12 -5
            L6 R
          L5 C 18 -5
            L6 R
          L5 C 15 6
            L6 H  (1,4,-2) (1,3,0) (2,2,1) (3,5,0) (4,6,-1) (5,6,2)
          L5 H  (1,4,-3) (1,3,0) (2,2,2) (3,5,0) (4,6,-2) (5,6,2)
        L4 C 9 6
          L5 S 2 1 4 610
        L4 R
      L3 C 14 7
        L4 C 15 7
          L5 H  (1,2,-1) (1,5,0) (2,3,0) (3,5,2) (4,6,0)
        L4 C 17 7
          L5 H  (1,3,-1) (1,5,0) (2,4,-1) (3,6,1) (5,6,3)
        L4 C 18 7
          L5 C 17 6
            L6 C 9 6
              L7 H  (1,1,-1) (2,4,-1) (2,6,2) (3,3,0) (4,6,0) (5,5,1)
            L6 H  (1,1,-1) (2,4,-1) (2,6,3) (3,3,0) (4,6,-1) (5,5,1)
          L5 H  (1,4,-3) (1,3,-1) (2,4,-2) (2,3,1) (5,5,1) (6,6,2)
        L4 C 17 6
          L5 C 18 6
            L6 C 9 6
              L7 H  (1,5,0) (2,4,-1) (2,6,2) (3,3,0) (4,6,0)
            L6 H  (1,5,0) (2,4,-1) (2,6,3) (3,3,0) (4,6,-1)
          L5 H  (1,1,-2) (2,4,-1) (3,3,0) (5,5,2) (6,6,1)
        L4 H  (1,4,-3) (1,3,-1) (2,4,-2) (2,3,1) (5,5,1) (6,6,2)
      L3 C 15 7
        L4 C 17 7
          L5 C 18 7
            L6 H  (1,3,-1) (2,4,-1) (5,5,1) (6,6,1)
          L5 C 18 6
            L6 C 7 6
              L7 H  (1,3,-1) (1,5,0) (2,4,-1) (3,5,2) (6,6,1)
            L6 H  (1,3,-1) (1,5,-1) (2,4,-1) (3,5,3) (6,6,1)
          L5 H  (1,4,-3) (1,3,-2) (2,4,-1) (2,3,1) (5,5,2) (6,6,1)
        L4 C 18 7
          L5 H  (1,3,-1) (2,4,-1) (2,5,1) (4,6,0) (5,6,3)
        L4 C 17 6
          L5 C 18 6
            L6 C 7 6
              L7 H  (1,3,-1) (1,5,0) (2,2,0) (3,5,2) (4,6,0)
            L6 H  (1,3,-1) (1,5,-1) (2,2,0) (3,5,3) (4,6,0)
          L5 H  (1,4,-3) (1,3,-2) (2,4,-1) (2,3,1) (5,5,2) (6,6,1)
        L4 H  (1,3,-1) (2,4,-2) (5,5,1) (6,6,2)
      L3 C 17 7
        L4 C 18 7
          L5 H  (1,3,-1) (2,4,-1) (5,5,1) (6,6,1)
        L4 C 18 6
          L5 C 7 6
            L6 H  (1,3,-1) (1,5,0) (2,4,-1) (3,5,2) (6,6,1)
          L5 H  (1,3,-1) (1,5,-1) (2,4,-1) (3,5,3) (6,6,1)
        L4 H  (1,3,-2) (2,4,-1) (5,5,2) (6,6,1)
      L3 C 18 7
        L4 C 17 6
          L5 C 7 6
            L6 C 9 6
              L7 H  (1,3,-1) (2,4,-1) (2,6,2) (4,6,0) (5,5,1)
            L6 H  (1,1,-1) (2,4,-1) (2,6,3) (3,3,0) (4,6,-1) (5,5,1)
          L5 H  (1,2,-2) (1,3,-1) (2,5,1) (3,5,3) (4,6,0)
        L4 H  (1,3,-1) (2,4,-2) (5,5,1) (6,6,2)
      L3 C 17 6
        L4 C 18 6
          L5 C 7 6
            L6 C 9 6
              L7 C 10 6
                L8 H  (1,3,-1) (1,5,0) (2,4,-1) (3,5,2) (6,6,1)
              L7 H  (1,3,-1) (1,5,0) (2,4,-2) (3,5,2) (6,6,2)
            L6 H  (1,5,0) (2,4,-1) (2,6,3) (3,3,0) (4,6,-1)
          L5 H  (1,3,-1) (1,5,-1) (2,2,0) (3,5,3) (4,6,0)
        L4 H  (1,3,-2) (2,4,-1) (5,5,2) (6,6,1)
      L3 H  (1,3,-1) (2,4,-2) (5,5,1) (6,6,2)
    L2 C 11 6
      L3 S 3 0 2 676
    L2 C 14 7
      L3 C 15 7
        L4 H  (1,2,-1) (1,5,-1) (2,5,3) (3,3,1) (4,6,-1)
      L3 C 17 7
        L4 H  (1,3,-1) (1,5,-1) (2,4,-1) (3,5,3) (6,6,1)
      L3 C 18 7
        L4 C 15 6
          L5 C 17 6
            L6 C 9 6
              L7 H  (1,4,-4) (1,2,-1) (2,6,3) (3,3,1) (4,6,-1) (5,5,1)
            L6 H  (1,4,-5) (1,3,-1) (2,2,2) (3,6,3) (4,6,-2) (5,5,1)
          L5 H  (1,4,-5) (2,2,1) (3,3,1) (5,5,1) (6,6,2)
        L4 H  (1,4,-5) (1,3,-1) (2,2,2) (3,6,3) (4,6,-2) (5,5,1)
      L3 C 15 6
        L4 C 17 6
          L5 C 18 6
            L6 C 9 6
              L7 H  (1,2,-1) (1,5,-1) (2,5,3) (3,3,1) (4,6,-1)
            L6 H  (1,5,-1) (2,2,2) (3,4,-2) (3,6,3) (4,6,-2)
          L5 H  (1,4,-5) (1,3,-2) (2,4,-1) (2,3,3) (5,5,2) (6,6,1)
        L4 H  (1,4,-5) (2,2,1) (3,3,1) (5,5,1) (6,6,2)
      L3 H  (1,4,-5) (1,5,-1) (2,2,2) (3,3,1) (4,6,-2) (5,6,3)
    L2 C 15 7
      L3 C 17 7
        L4 C 18 7
          L5 H  (1,4,-4) (1,3,-1) (2,4,-1) (2,3,3) (5,5,1) (6,6,1)
        L4 C 14 6
          L5 C 18 6
            L6 C 7 6
              L7 H  (1,4,-4) (1,5,-1) (2,4,-1) (2,5,3) (3,3,1) (6,6,1)
            L6 H  (1,4,-5) (1,5,-2) (2,4,-1) (2,5,3) (3,3,2) (6,6,1)
          L5 H  (1,4,-5) (2,2,1) (3,3,1) (5,5,2) (6,6,1)
        L4 H  (1,4,-5) (1,5,-2) (2,4,-1) (2,5,3) (3,3,2) (6,6,1)
      L3 C 18 7
        L4 H  (1,2,-1) (1,3,-1) (2,3,3) (4,6,-1) (5,5,1)
      L3 C 14 6
        L4 C 17 6
          L5 C 18 6
            L6 C 7 6
              L7 H  (1,2,-1) (1,5,-1) (2,5,3) (3,3,1) (4,6,-1)
            L6 H  (1,2,-2) (1,5,-2) (2,5,3) (3,3,2) (4,6,-1)
          L5 H  (1,4,-5) (2,2,1) (3,3,1) (5,5,2) (6,6,1)
        L4 H  (1,4,-5) (1,3,-1) (2,4,-2) (2,3,3) (5,5,1) (6,6,2)
      L3 H  (1,4,-5) (1,5,-2) (2,2,1) (3,3,2) (4,6,-1) (5,6,3)
    L2 C 17 7
      L3 C 18 7
        L4 H  (1,3,-1) (2,4,-1) (5,5,1) (6,6,1)
      L3 C 14 6
        L4 C 15 6
          L5 C 18 6
            L6 C 7 6
              L7 H  (1,3,-1) (1,5,-1) (2,4,-1) (3,5,3) (6,6,1)
            L6 H  (1,5,-2) (2,4,-1) (3,3,2) (6,6,1)
          L5 H  (1,4,-5) (1,3,-2) (2,4,-1) (2,3,3) (5,5,2) (6,6,1)
        L4 H  (1,4,-5) (1,5,-1) (2,2,2) (3,4,-2) (3,5,3) (6,6,1)
      L3 H  (1,4,-5) (1,5,-2) (2,4,-1) (2,5,3) (3,3,2) (6,6,1)
    L2 C 18 7
      L3 C 14 6
        L4 C 15 6
          L5 C 17 6
            L6 C 7 6
              L7 C 9 6
                L8 H  (1,4,-4) (1,2,-1) (2,6,3) (3,3,1) (4,6,-1) (5,5,1)
              L7 H  (1,4,-5) (1,3,-1) (2,2,2) (3,6,3) (4,6,-2) (5,5,1)
            L6 C 1 -7
              L7 R
            L6 C 9 6
              L7 H  (1,4,-5) (1,2,-2) (2,6,3) (3,3,2) (4,6,-1) (5,5,1)
            L6 H  (1,4,-6) (1,5,-2) (2,2,2) (3,3,2) (4,6,-2) (5,6,3)
          L5 H  (1,4,-5) (1,3,-1) (2,4,-2) (2,3,3) (5,5,1) (6,6,2)
        L4 H  (1,4,-5) (1,3,-1) (2,2,2) (3,6,3) (4,6,-2) (5,5,1)
      L3 H  (1,4,-5) (1,2,-2) (2,6,3) (3,3,2) (4,6,-1) (5,5,1)
    L2 C 14 6
      L3 C 15 6
        L4 C 17 6
          L5 C 18 6
            L6 C 7 6
              L7 C 9 6
                L8 H  (1,2,-1) (1,5,-1) (2,5,3) (3,3,1) (4,6,-1)
              L7 H  (1,5,-1) (2,2,2) (3,4,-2) (3,6,3) (4,6,-2)
            L6 C 1 -7
              L7 R
            L6 C 9 6
              L7 H  (1,2,-2) (1,5,-2) (2,5,3) (3,3,2) (4,6,-1)
            L6 H  (1,5,-2) (2,2,2) (3,3,2) (4,6,-2)
          L5 H  (1,4,-5) (1,3,-2) (2,4,-1) (2,3,3) (5,5,2) (6,6,1)
        L4 H  (1,4,-5) (1,3,-1) (2,4,-2) (2,3,3) (5,5,1) (6,6,2)
      L3 H  (1,4,-5) (1,5,-1) (2,2,2) (3,3,1) (4,6,-2) (5,6,3)
    L2 H  (1,4,-5) (1,5,-2) (2,2,1) (3,3,2) (4,6,-1) (5,6,3)
  L1 C 3 7
    L2 C 6 7
      L3 S 0 1 1 767
    L2 C 5 7
      L3 H  (1,1,0) (2,2,0) (3,3,0) (4,4,0) (5,5,0) (6,6,0)
    L2 C 10 7
      L3 H  (1,5,0) (2,2,0) (3,3,0) (4,6,0)
    L2 C 11 7
      L3 S 3 1 2 774
    L2 C 10 6
      L3 C 17 -5
        L4 R
      L3 C 11 6
        L4 C 16 7
          L5 H  (1,5,0) (2,2,0) (3,3,0) (4,4,0) (6,6,0)
        L4 C 18 7
          L5 H  (1,1,0) (2,2,0) (3,5,0) (4,4,0) (6,6,0)
        L4 C 9 6
          L5 C 12 6
            L6 C 16 6
              L7 H  (1,2,0) (1,5,0) (2,3,0) (3,4,0) (4,6,0) (5,6,1)
            L6 H  (1,3,-1) (1,5,1) (2,3,-1) (2,4,0) (4,6,0) (5,6,2)
          L5 C 16 6
            L6 H  (1,2,-1) (1,5,0) (2,3,0) (3,4,0) (4,6,0) (5,6,2)
          L5 H  (1,3,-2) (1,5,1) (2,3,-1) (2,4,0) (4,6,0) (5,6,3)
        L4 C 12 6
          L5 S 3 1 4 792
        L4 C 16 6
          L5 H  (1,3,-2) (2,2,0) (4,4,0) (5,5,2) (6,6,0)
        L4 H  (1,3,-3) (1,5,2) (2,3,-2) (2,4,0) (4,6,0) (5,6,4)
      L3 C 16 -5
        L4 R
      L3 C 17 -6
        L4 R
      L3 C 18 7
        L4 H  (1,4,-2) (2,2,0) (3,5,1) (6,6,1)
      L3 C 18 6
        L4 C 9 6
          L5 H  (1,4,-2) (1,5,0) (2,4,-1) (2,3,0) (3,6,1) (5,6,3)
        L4 C 12 6
          L5 H  (1,4,-2) (2,2,0) (3,5,1) (6,6,1)
        L4 H  (1,4,-3) (2,2,0) (3,3,0) (5,5,2) (6,6,1)
      L3 H  (1,4,-3) (2,2,0) (3,3,0) (5,5,2) (6,6,1)
    L2 C 11 6
      L3 S 3 1 2 810
    L2 R
  L1 C 5 7
    L2 S 4 0 1 813
  L1 C 9 7
    L2 C 11 7
      L3 C 2 7
        L4 H  (1,1,0) (2,2,0) (3,5,0) (4,6,0)
      L3 C 8 7
        L4 H  (1,1,0) (2,2,0) (3,5,0) (4,6,0)
      L3 C 8 6
        L4 C 10 7
          L5 H  (1,3,0) (2,4,0) (5,5,0) (6,6,0)
        L4 C 10 6
          L5 C 14 7
            L6 C 15 6
              L7 H  (1,1,0) (2,2,0) (3,5,0) (4,6,0)
            L6 H  (1,1,0) (2,2,1) (3,3,0) (4,6,-1) (5,5,0)
          L5 C 7 6
            L6 C 14 6
              L7 C 15 6
                L8 H  (1,1,0) (2,2,0) (3,5,0) (4,6,0)
              L7 H  (1,1,0) (2,2,1) (3,3,0) (4,6,-1) (5,5,0)
            L6 H  (1,1,-1) (2,2,0) (3,5,1) (4,6,0)
          L5 C 15 -5
            L6 R
          L5 C 14 6
            L6 H  (1,1,-1) (2,2,0) (3,5,1) (4,6,0)
          L5 H  (1,1,-2) (2,2,0) (3,5,2) (4,6,0)
        L4 C 15 -5
          L5 R
        L4 C 14 7
          L5 H  (1,1,0) (2,2,0) (3,6,-2) (3,5,0) (4,6,0) (4,5,3)
        L4 C 7 6
          L5 C 14 6
            L6 H  (1,1,0) (2,2,0) (3,6,-2) (3,5,0) (4,6,0) (4,5,3)
          L5 H  (1,6,-2) (1,2,-1) (2,3,0) (3,5,1) (4,6,0) (4,5,3)
        L4 C 14 6
          L5 H  (1,6,-2) (1,2,-1) (2,3,0) (3,5,1) (4,6,0) (4,5,3)
        L4 H  (1,6,-3) (1,2,-2) (2,3,1) (3,5,2) (4,6,0) (4,5,3)
      L3 C 10 -5
        L4 R
      L3 C 10 7
        L4 H  (1,4,-2) (1,3,0) (2,4,0) (2,3,3) (5,5,0) (6,6,0)
      L3 C 16 -5
        L4 R
      L3 C 14 7
        L4 C 15 6
          L5 H  (1,1,-1) (2,2,1) (3,3,1) (4,6,-1) (5,5,0)
        L4 H  (1,4,-2) (1,5,-1) (2,2,2) (3,3,1) (4,6,-2) (5,6,0)
      L3 C 14 6
        L4 C 7 6
          L5 C 15 6
            L6 H  (1,1,-1) (2,2,1) (3,3,1) (4,6,-1) (5,5,0)
          L5 H  (1,4,-2) (1,5,-1) (2,2,2) (3,3,1) (4,6,-2) (5,6,0)
        L4 H  (1,1,-2) (2,2,1) (3,3,2) (4,6,-1) (5,5,0)
      L3 H  (1,1,-2) (2,2,1) (3,3,2) (4,6,-1) (5,5,0)
    L2 C 6 7
      L3 C 2 7
        L4 S 4 1 1 813
      L3 C 7 7
        L4 S 0 1 2 868
      L3 C 8 7
        L4 H  (1,1,0) (2,2,0) (3,5,0) (4,6,0)
      L3 C 10 7
        L4 S 0 1 3 875
      L3 C 8 6
        L4 C 10 6
          L5 C 14 7
            L6 C 17 7
              L7 H  (1,1,0) (2,4,0) (3,5,0) (6,6,0)
            L6 C 11 6
              L7 C 15 6
                L8 H  (1,1,0) (2,2,0) (3,5,0) (4,6,0)
              L7 H  (1,1,0) (2,2,1) (3,3,0) (4,6,-1) (5,5,0)
            L6 C 16 -5
              L7 R
            L6 C 15 6
              L7 H  (1,6,-1) (1,2,0) (2,3,0) (3,5,0) (4,6,0) (4,5,2)
            L6 H  (1,6,-1) (1,3,0) (2,2,1) (3,5,0) (4,6,-1) (4,5,1)
          L5 C 17 7
            L6 C 7 6
              L7 C 14 6
                L8 H  (1,1,0) (2,4,0) (3,5,0) (6,6,0)
              L7 H  (1,1,-1) (2,2,0) (3,5,1) (4,4,0) (6,6,0)
            L6 C 15 -5
              L7 R
            L6 C 14 6
              L7 H  (1,1,-1) (2,2,0) (3,5,1) (4,4,0) (6,6,0)
            L6 H  (1,1,-2) (2,2,0) (3,5,2) (4,4,0) (6,6,0)
          L5 C 7 6
            L6 C 11 6
              L7 C 14 6
                L8 C 15 6
                  L9 H  (1,1,0) (2,2,0) (3,5,0) (4,6,0)
                L8 H  (1,1,0) (2,2,1) (3,3,0) (4,6,-1) (5,5,0)
              L7 H  (1,1,-1) (2,2,0) (3,5,1) (4,6,0)
            L6 C 16 -5
              L7 R
            L6 C 14 6
              L7 C 15 6
                L8 H  (1,6,-1) (1,2,0) (2,3,0) (3,5,0) (4,6,0) (4,5,2)
              L7 H  (1,6,-1) (1,3,0) (2,2,1) (3,5,0) (4,6,-1) (4,5,1)
            L6 H  (1,6,-2) (1,2,-1) (2,5,0) (3,3,1) (4,6,0) (4,5,2)
          L5 C 11 6
            L6 S 0 1 5 915
          L5 H  (1,2,-1) (1,3,0) (2,5,0) (3,5,2) (4,6,0)
        L4 C 15 -5
          L5 R
        L4 C 14 7
          L5 H  (1,1,0) (2,2,0) (3,6,-2) (3,5,0) (4,6,0) (4,5,3)
        L4 C 17 7
          L5 C 7 6
            L6 C 14 6
              L7 H  (1,6,-1) (1,2,0) (2,4,1) (3,6,-2) (3,5,0) (4,5,3)
            L6 H  (1,6,-2) (2,2,0) (3,4,1) (3,5,1) (4,5,3)
          L5 C 14 6
            L6 H  (1,6,-2) (2,2,0) (3,4,1) (3,5,1) (4,5,3)
          L5 H  (1,6,-3) (2,2,0) (3,5,2) (4,4,1)
        L4 C 17 6
          L5 C 7 6
            L6 C 11 6
              L7 C 14 6
                L8 H  (1,6,-1) (1,2,0) (2,4,1) (3,6,-2) (3,5,0) (4,5,3)
              L7 H  (1,6,-2) (2,2,0) (3,4,1) (3,5,1) (4,5,3)
            L6 H  (1,6,-2) (1,3,-1) (2,6,-2) (2,3,0) (4,4,2) (5,5,1)
          L5 C 11 6
            L6 C 14 6
              L7 H  (1,6,-2) (2,2,0) (3,4,1) (3,5,1) (4,5,3)
            L6 H  (1,6,-3) (2,2,0) (3,5,2) (4,4,1)
          L5 H  (1,6,-3) (1,3,-1) (2,6,-2) (2,3,1) (4,4,2) (5,5,1)
        L4 H  (1,3,-1) (2,6,-2) (4,4,2) (5,5,1)
      L3 C 10 6
        L4 S 0 1 3 943
      L3 R
    L2 C 10 7
      L3 C 2 7
        L4 S 1 0 2 946
      L3 C 8 7
        L4 S 5 1 2 868
      L3 C 8 6
        L4 C 11 6
          L5 C 14 7
            L6 C 18 7
              L7 C 15 6
                L8 H  (1,1,0) (2,2,0) (3,3,0) (4,5,0) (4,6,0) (5,6,1)
              L7 H  (1,4,-1) (1,3,0) (2,2,1) (3,5,0) (4,6,-1) (5,6,1)
            L6 C 12 6
              L7 C 15 6
                L8 H  (1,2,0) (1,5,0) (2,3,0) (3,4,0) (4,6,0) (5,6,1)
              L7 H  (1,4,-1) (1,5,0) (2,2,1) (3,3,0) (4,6,-1) (5,6,1)
            L6 H  (1,3,-1) (1,5,0) (2,4,0) (3,6,0) (5,6,2)
          L5 C 18 7
            L6 C 7 6
              L7 C 14 6
                L8 C 15 6
                  L9 H  (1,1,0) (2,2,0) (3,3,0) (4,5,0) (4,6,0) (5,6,1)
                L8 H  (1,4,-1) (1,3,0) (2,2,1) (3,5,0) (4,6,-1) (5,6,1)
              L7 H  (1,1,-1) (2,2,0) (3,3,1) (4,5,0) (4,6,0) (5,6,1)
            L6 H  (1,2,-1) (1,3,0) (2,5,0) (3,5,2) (4,6,0)
          L5 C 7 6
            L6 C 12 6
              L7 C 14 6
                L8 C 15 6
                  L9 H  (1,2,0) (1,5,0) (2,3,0) (3,4,0) (4,6,0) (5,6,1)
                L8 H  (1,4,-1) (1,5,0) (2,2,1) (3,3,0) (4,6,-1) (5,6,1)
              L7 H  (1,2,-1) (1,5,-1) (2,4,0) (3,3,1) (4,6,0) (5,6,1)
            L6 C 17 -5
              L7 R
            L6 C 14 6
              L7 H  (1,3,-1) (1,5,0) (2,4,0) (3,6,0) (5,6,2)
            L6 H  (1,2,-2) (1,5,-1) (2,4,0) (3,3,1) (4,6,0) (5,6,2)
          L5 C 12 6
            L6 S 5 1 5 983
          L5 C 1 -7
            L6 R
          L5 C 15 -5
            L6 R
          L5 C 17 -5
            L6 R
          L5 C 14 6
            L6 H  (1,2,-2) (1,5,-1) (2,4,0) (3,3,1) (4,6,0) (5,6,2)
          L5 H  (1,2,-3) (1,5,-2) (2,4,0) (3,3,2) (4,6,0) (5,6,2)
        L4 C 14 7
          L5 H  (1,5,0) (2,4,-1) (2,6,2) (3,3,0) (4,6,0)
        L4 C 18 7
          L5 H  (1,3,-1) (2,4,-1) (2,6,2) (4,6,0) (5,5,1)
        L4 C 18 6
          L5 C 7 6
            L6 C 12 6
              L7 H  (1,3,-1) (2,4,-1) (2,6,2) (4,6,0) (5,5,1)
            L6 H  (1,4,-3) (1,3,-2) (2,4,-1) (2,3,1) (5,5,2) (6,6,1)
          L5 H  (1,3,-1) (1,5,-1) (2,2,0) (3,5,3) (4,6,0)
        L4 H  (1,4,-3) (1,3,-2) (2,4,-1) (2,3,1) (5,5,2) (6,6,1)
      L3 C 11 6
        L4 S 5 1 3 1005
      L3 C 14 7
        L4 C 18 7
          L5 C 15 6
            L6 H  (1,4,-4) (1,2,-1) (2,6,3) (3,3,1) (4,6,-1) (5,5,1)
          L5 H  (1,4,-5) (1,3,-1) (2,2,2) (3,6,3) (4,6,-2) (5,5,1)
        L4 C 18 6
          L5 C 12 6
            L6 C 15 6
              L7 H  (1,4,-4) (1,2,-1) (2,6,3) (3,3,1) (4,6,-1) (5,5,1)
            L6 H  (1,4,-5) (1,3,-1) (2,2,2) (3,6,3) (4,6,-2) (5,5,1)
          L5 H  (1,4,-5) (1,3,-2) (2,4,-1) (2,3,3) (5,5,2) (6,6,1)
        L4 H  (1,4,-5) (1,3,-2) (2,4,-1) (2,3,3) (5,5,2) (6,6,1)
      L3 C 18 7
        L4 C 14 6
          L5 C 7 6
            L6 C 15 6
              L7 H  (1,4,-4) (1,2,-1) (2,6,3) (3,3,1) (4,6,-1) (5,5,1)
            L6 H  (1,4,-5) (1,3,-1) (2,2,2) (3,6,3) (4,6,-2) (5,5,1)
          L5 H  (1,4,-5) (1,2,-2) (2,6,3) (3,3,2) (4,6,-1) (5,5,1)
        L4 H  (1,4,-5) (1,2,-2) (2,6,3) (3,3,2) (4,6,-1) (5,5,1)
      L3 C 14 6
        L4 C 18 6
          L5 C 7 6
            L6 C 12 6
              L7 C 15 6
                L8 H  (1,4,-4) (1,2,-1) (2,6,3) (3,3,1) (4,6,-1) (5,5,1)
              L7 H  (1,4,-5) (1,3,-1) (2,2,2) (3,6,3) (4,6,-2) (5,5,1)
            L6 H  (1,4,-5) (1,3,-2) (2,4,-1) (2,3,3) (5,5,2) (6,6,1)
          L5 H  (1,4,-5) (1,5,-2) (2,2,1) (3,3,2) (4,6,-1) (5,6,3)
        L4 H  (1,4,-5) (1,3,-2) (2,4,-1) (2,3,3) (5,5,2) (6,6,1)
      L3 H  (1,4,-5) (1,5,-2) (2,2,1) (3,3,2) (4,6,-1) (5,6,3)
    L2 C 11 6
      L3 C 17 -5
        L4 R
      L3 C 2 7
        L4 C 10 6
          L5 C 18 7
            L6 H  (1,1,0) (2,2,0) (3,4,0) (3,5,0) (4,6,0) (5,6,1)
          L5 C 12 6
            L6 C 16 6
              L7 H  (1,2,0) (1,5,0) (2,3,0) (3,4,0) (4,6,0) (5,6,1)
            L6 H  (1,3,-1) (1,5,1) (2,3,-1) (2,4,0) (4,6,0) (5,6,2)
          L5 C 16 6
            L6 H  (1,2,-1) (1,5,0) (2,3,0) (3,4,0) (4,6,0) (5,6,2)
          L5 H  (1,3,-2) (1,5,1) (2,3,-1) (2,4,0) (4,6,0) (5,6,3)
        L4 C 17 -6
          L5 R
        L4 C 18 -5
          L5 R
        L4 C 12 6
          L5 H  (1,6,-1) (1,2,0) (2,4,1) (3,6,-2) (3,5,0) (4,5,3)
        L4 C 16 6
          L5 H  (1,2,0) (1,5,1) (2,4,1) (3,6,-2) (4,5,3)
        L4 H  (1,1,0) (2,2,0) (3,6,-3) (4,4,1) (5,5,2)
      L3 C 8 7
        L4 C 10 6
          L5 C 18 7
            L6 H  (1,1,0) (2,2,0) (3,4,0) (3,5,0) (4,6,0) (5,6,1)
          L5 C 12 6
            L6 C 16 6
              L7 H  (1,2,0) (1,5,0) (2,3,0) (3,4,0) (4,6,0) (5,6,1)
            L6 H  (1,3,-1) (1,5,1) (2,3,-1) (2,4,0) (4,6,0) (5,6,2)
          L5 C 16 6
            L6 H  (1,2,-1) (1,5,0) (2,3,0) (3,4,0) (4,6,0) (5,6,2)
          L5 H  (1,3,-2) (1,5,1) (2,3,-1) (2,4,0) (4,6,0) (5,6,3)
        L4 C 17 -6
          L5 R
        L4 C 18 -5
          L5 R
        L4 C 12 6
          L5 H  (1,6,-1) (1,2,0) (2,4,1) (3,6,-2) (3,5,0) (4,5,3)
        L4 C 16 6
          L5 H  (1,2,0) (1,5,1) (2,4,1) (3,6,-2) (4,5,3)
        L4 H  (1,1,0) (2,2,0) (3,6,-3) (4,4,1) (5,5,2)
      L3 C 8 6
        L4 C 10 6
          L5 C 14 7
            L6 C 18 7
              L7 H  (1,1,0) (2,4,0) (3,5,0) (6,6,0)
            L6 C 12 6
              L7 C 15 6
                L8 C 16 6
                  L9 H  (1,2,0) (1,5,0) (2,3,0) (3,4,0) (4,6,0) (5,6,1)
                L8 H  (1,3,-1) (1,5,1) (2,3,-1) (2,4,0) (4,6,0) (5,6,2)
              L7 H  (1,4,-1) (1,5,0) (2,2,1) (3,4,-1) (3,6,0) (5,6,1)
            L6 C 15 6
              L7 C 16 6
                L8 H  (1,2,-1) (1,5,0) (2,3,0) (3,4,0) (4,6,0) (5,6,2)
              L7 H  (1,3,-2) (1,5,1) (2,3,-1) (2,4,0) (4,6,0) (5,6,3)
            L6 H  (1,4,-2) (1,5,0) (2,2,1) (3,4,-1) (3,6,0) (5,6,2)
          L5 C 18 7
            L6 C 7 6
              L7 C 14 6
                L8 H  (1,1,0) (2,4,0) (3,5,0) (6,6,0)
              L7 H  (1,1,-1) (2,2,0) (3,5,1) (4,4,0) (6,6,0)
            L6 C 15 -5
              L7 R
            L6 C 14 6
              L7 H  (1,1,-1) (2,2,0) (3,5,1) (4,4,0) (6,6,0)
            L6 H  (1,1,-2) (2,2,0) (3,5,2) (4,4,0) (6,6,0)
          L5 C 7 6
            L6 C 12 6
              L7 C 14 6
                L8 C 15 6
                  L9 C 16 6
                    L10 H  (1,2,0) (1,5,0) (2,3,0) (3,4,0) (4,6,0) (5,6,1)
                  L9 H  (1,3,-1) (1,5,1) (2,3,-1) (2,4,0) (4,6,0) (5,6,2)
                L8 H  (1,4,-1) (1,5,0) (2,2,1) (3,4,-1) (3,6,0) (5,6,1)
              L7 C 15 -5
                L8 R
              L7 C 16 6
                L8 H  (1,2,-1) (1,5,-1) (2,4,0) (3,3,1) (4,6,0) (5,6,1)
              L7 H  (1,2,-1) (1,5,0) (2,3,0) (3,4,0) (4,6,0) (5,6,2)
            L6 C 14 6
              L7 C 15 6
                L8 C 16 6
                  L9 H  (1,2,-1) (1,5,0) (2,3,0) (3,4,0) (4,6,0) (5,6,2)
                L8 H  (1,3,-2) (1,5,1) (2,3,-1) (2,4,0) (4,6,0) (5,6,3)
              L7 H  (1,4,-2) (1,5,0) (2,2,1) (3,4,-1) (3,6,0) (5,6,2)
            L6 C 15 -5
              L7 R
            L6 C 16 6
              L7 H  (1,2,-2) (1,5,-1) (2,4,0) (3,3,1) (4,6,0) (5,6,2)
            L6 H  (1,2,-2) (1,5,0) (2,3,0) (3,4,0) (4,6,0) (5,6,3)
          L5 C 15 -5
            L6 R
          L5 C 12 6
            L6 C 14 6
              L7 C 16 6
                L8 H  (1,2,-1) (1,5,-1) (2,4,0) (3,3,1) (4,6,0) (5,6,1)
              L7 H  (1,2,-1) (1,5,0) (2,3,0) (3,4,0) (4,6,0) (5,6,2)
            L6 C 16 6
              L7 H  (1,2,-2) (1,5,-2) (2,4,0) (3,3,2) (4,6,0) (5,6,1)
            L6 H  (1,2,-2) (1,5,-1) (2,4,0) (3,3,1) (4,6,0) (5,6,2)
          L5 C 1 -7
            L6 R
          L5 C 14 6
            L6 C 16 6
              L7 H  (1,2,-2) (1,5,-1) (2,4,0) (3,3,1) (4,6,0) (5,6,2)
            L6 H  (1,2,-2) (1,5,0) (2,3,0) (3,4,0) (4,6,0) (5,6,3)
          L5 C 16 6
            L6 H  (1,2,-3) (1,5,-2) (2,4,0) (3,3,2) (4,6,0) (5,6,2)
          L5 H  (1,2,-3) (1,5,-1) (2,4,0) (3,3,1) (4,6,0) (5,6,3)
        L4 C 15 -5
          L5 R
        L4 C 17 -6
          L5 R
        L4 C 18 -5
          L5 R
        L4 C 14 7
          L5 C 12 6
            L6 H  (1,6,-1) (1,2,0) (2,4,1) (3,6,-2) (3,5,0) (4,5,3)
          L5 C 16 6
            L6 H  (1,2,0) (1,5,1) (2,4,1) (3,6,-2) (4,5,3)
          L5 H  (1,1,0) (2,2,0) (3,6,-3) (4,4,1) (5,5,2)
        L4 C 7 6
          L5 C 12 6
            L6 C 14 6
              L7 H  (1,6,-1) (1,2,0) (2,4,1) (3,6,-2) (3,5,0) (4,5,3)
            L6 H  (1,6,-2) (2,2,0) (3,4,1) (3,5,1) (4,5,3)
          L5 C 14 6
            L6 C 16 6
              L7 H  (1,2,0) (1,5,1) (2,4,1) (3,6,-2) (4,5,3)
            L6 H  (1,1,0) (2,2,0) (3,6,-3) (4,4,1) (5,5,2)
          L5 C 16 6
            L6 H  (1,6,-2) (1,5,0) (2,6,-1) (2,3,0) (3,4,1) (4,5,3)
          L5 H  (1,3,-2) (2,6,-1) (4,4,1) (5,5,2)
        L4 C 12 6
          L5 C 14 6
            L6 H  (1,6,-2) (2,2,0) (3,4,1) (3,5,1) (4,5,3)
          L5 H  (1,6,-3) (2,2,0) (3,5,2) (4,4,1)
        L4 C 1 -7
          L5 R
        L4 C 14 6
          L5 C 16 6
            L6 H  (1,6,-2) (1,5,0) (2,6,-1) (2,3,0) (3,4,1) (4,5,3)
          L5 H  (1,3,-2) (2,6,-1) (4,4,1) (5,5,2)
        L4 C 16 6
          L5 H  (1,6,-3) (1,5,-1) (2,6,-1) (2,3,1) (3,5,3) (4,4,1)
        L4 H  (1,6,-3) (2,2,0) (3,3,0) (4,4,1) (5,5,2)
      L3 C 10 -5
        L4 R
      L3 C 16 -5
        L4 R
      L3 C 14 7
        L4 H  (1,5,-1) (2,4,0) (2,6,2) (3,3,1) (4,6,-1)
      L3 C 18 7
        L4 H  (1,4,-2) (1,3,0) (2,4,0) (2,3,3) (5,5,0) (6,6,0)
      L3 C 14 6
        L4 C 7 6
          L5 H  (1,5,-1) (2,4,0) (2,6,2) (3,3,1) (4,6,-1)
        L4 H  (1,4,-3) (1,5,-2) (2,2,1) (3,3,2) (4,6,-1) (5,6,1)
      L3 H  (1,4,-3) (1,5,-2) (2,2,1) (3,3,2) (4,6,-1) (5,6,1)
    L2 C 10 -5
      L3 R
    L2 C 16 -5
      L3 R
    L2 C 17 -6
      L3 R
    L2 C 2 7
      L3 H  (1,4,-2) (1,5,0) (2,4,-1) (2,3,0) (3,6,1) (5,6,3)
    L2 C 8 7
      L3 H  (1,4,-2) (1,5,0) (2,4,-1) (2,3,0) (3,6,1) (5,6,3)
    L2 C 8 6
      L3 C 14 7
        L4 H  (1,3,-1) (1,5,0) (2,4,-1) (3,6,1) (5,6,3)
      L3 C 18 7
        L4 H  (1,3,-1) (2,4,-1) (5,5,1) (6,6,1)
      L3 C 18 6
        L4 C 7 6
          L5 H  (1,3,-1) (1,5,0) (2,4,-1) (3,5,2) (6,6,1)
        L4 H  (1,3,-1) (1,5,-1) (2,4,-1) (3,5,3) (6,6,1)
      L3 H  (1,4,-3) (1,3,-2) (2,4,-1) (2,3,1) (5,5,2) (6,6,1)
    L2 C 14 7
      L3 H  (1,3,-1) (1,5,-1) (2,4,-1) (3,5,3) (6,6,1)
    L2 C 18 7
      L3 H  (1,4,-4) (1,3,-1) (2,4,-1) (2,3,3) (5,5,1) (6,6,1)
    L2 C 14 6
      L3 C 18 6
        L4 C 7 6
          L5 H  (1,3,-1) (1,5,-1) (2,4,-1) (3,5,3) (6,6,1)
        L4 H  (1,4,-5) (1,5,-2) (2,4,-1) (2,5,3) (3,3,2) (6,6,1)
      L3 H  (1,4,-5) (1,3,-2) (2,4,-1) (2,3,3) (5,5,2) (6,6,1)
    L2 H  (1,4,-5) (1,5,-2) (2,4,-1) (2,5,3) (3,3,2) (6,6,1)
  L1 C 10 7
    L2 S 5 1 1 1231
  L1 C 8 7
    L2 C 6 7
      L3 S 5 0 1 1231
    L2 C 11 7
      L3 C 2 7
        L4 S 4 1 1 1231
      L3 C 9 6
        L4 C 16 -5
          L5 R
        L4 C 10 6
          L5 C 15 6
            L6 H  (1,1,0) (2,2,0) (3,3,0) (4,6,0) (5,5,0)
          L5 H  (1,2,-1) (3,3,0) (4,6,1) (5,5,0)
        L4 H  (1,3,-1) (1,2,0) (2,5,1) (3,6,-2) (4,6,0) (4,5,3)
      L3 H  (1,5,-1) (1,6,0) (2,5,-2) (2,4,0) (3,3,1) (4,6,2)
    L2 C 10 6
      L3 C 16 -5
        L4 R
      L3 C 17 -5
        L4 R
      L3 C 11 6
        L4 C 9 6
          L5 H  (1,5,0) (2,3,0) (2,4,0) (3,6,0) (4,6,1)
        L4 H  (1,5,-1) (2,6,-1) (2,4,0) (3,3,1) (4,6,2)
      L3 H  (1,3,-1) (1,5,0) (2,4,-1) (3,6,1) (5,6,3)
    L2 H  (1,2,0) (1,5,1) (2,4,1) (3,6,-2) (4,5,3)
  L1 C 11 7
    L2 S 5 1 1 1259
  L1 C 2 7
    L2 C 6 7
      L3 S 4 1 1 813
    L2 C 12 7
      L3 S 4 1 1 1259
    L2 C 10 6
      L3 C 16 -5
        L4 R
      L3 C 17 -5
        L4 R
      L3 C 9 6
        L4 C 11 6
          L5 H  (1,5,0) (2,4,0) (3,3,0) (6,6,0)
        L4 H  (1,3,-1) (1,5,0) (2,4,-1) (3,6,1) (5,6,3)
      L3 H  (1,5,-1) (2,6,-1) (2,4,0) (3,3,1) (4,6,2)
    L2 H  (1,5,1) (2,4,1) (3,6,-2)
  L1 C 6 7
    L2 S 5 0 1 1277
  L1 C 9 6
    L2 C 15 -5
      L3 R
    L2 C 16 -5
      L3 R
    L2 C 11 6
      L3 C 17 -5
        L4 R
      L3 C 8 6
        L4 C 10 6
          L5 C 14 7
            L6 H  (1,5,0) (2,2,0) (3,3,0) (4,4,0) (6,6,0)
          L5 C 18 7
            L6 H  (1,3,0) (2,2,0) (4,4,0) (5,5,0) (6,6,0)
          L5 C 7 6
            L6 C 12 6
              L7 C 14 6
                L8 H  (1,2,0) (1,5,0) (2,3,0) (3,4,0) (4,6,0) (5,6,1)
              L7 H  (1,2,-1) (1,5,-1) (2,4,0) (3,3,1) (4,6,0) (5,6,1)
            L6 C 14 6
              L7 H  (1,2,-1) (1,5,0) (2,3,0) (3,4,0) (4,6,0) (5,6,2)
            L6 H  (1,2,-2) (1,5,-1) (2,4,0) (3,3,1) (4,6,0) (5,6,2)
          L5 C 12 6
            L6 S 5 1 5 1301
          L5 C 1 -7
            L6 R
          L5 C 14 6
            L6 H  (1,2,-2) (1,5,-1) (2,4,0) (3,3,1) (4,6,0) (5,6,2)
          L5 H  (1,2,-3) (1,5,-2) (2,4,0) (3,3,2) (4,6,0) (5,6,2)
        L4 C 16 -6
          L5 R
        L4 C 17 -6
          L5 R
        L4 C 18 -5
          L5 R
        L4 C 14 7
          L5 H  (1,2,0) (1,5,1) (2,4,1) (3,6,-2) (4,5,3)
        L4 C 7 6
          L5 C 12 6
            L6 H  (1,3,-1) (2,6,-1) (4,4,1) (5,5,1)
          L5 C 14 6
            L6 H  (1,2,0) (1,5,1) (2,4,1) (3,6,-2) (4,5,3)
          L5 H  (1,6,-2) (1,5,0) (2,6,-1) (2,3,0) (3,4,1) (4,5,3)
        L4 C 12 6
          L5 H  (1,6,-2) (1,3,-1) (2,6,-1) (2,3,1) (4,4,1) (5,5,1)
        L4 C 1 -7
          L5 R
        L4 C 14 6
          L5 H  (1,6,-2) (1,5,0) (2,6,-1) (2,3,0) (3,4,1) (4,5,3)
        L4 H  (1,6,-3) (1,5,-1) (2,6,-1) (2,3,1) (3,5,3) (4,4,1)
      L3 C 10 -5
        L4 R
      L3 C 15 -6
        L4 R
      L3 C 14 7
        L4 H  (1,5,-1) (2,2,1) (3,3,1) (4,4,-1) (6,6,0)
      L3 C 18 7
        L4 H  (1,4,-2) (1,3,0) (2,2,1) (3,6,2) (4,5,-1) (5,6,0)
      L3 C 14 6
        L4 C 7 6
          L5 H  (1,5,-1) (2,2,1) (3,3,1) (4,4,-1) (6,6,0)
        L4 H  (1,4,-3) (1,5,-2) (2,2,1) (3,3,2) (4,6,-1) (5,6,1)
      L3 H  (1,4,-3) (1,5,-2) (2,2,1) (3,3,2) (4,6,-1) (5,6,1)
    L2 C 10 -5
      L3 R
    L2 C 8 6
      L3 S 5 1 2 1342
    L2 C 15 -6
      L3 R
    L2 C 17 -6
      L3 R
    L2 C 14 7
      L3 H  (1,4,-4) (1,5,-1) (2,4,-1) (2,5,3) (3,3,1) (6,6,1)
    L2 C 18 7
      L3 H  (1,4,-4) (1,3,-1) (2,4,-1) (2,3,3) (5,5,1) (6,6,1)
    L2 C 14 6
      L3 C 18 6
        L4 C 7 6
          L5 H  (1,4,-4) (1,5,-1) (2,4,-1) (2,5,3) (3,3,1) (6,6,1)
        L4 H  (1,4,-5) (1,5,-2) (2,4,-1) (2,5,3) (3,3,2) (6,6,1)
      L3 H  (1,4,-5) (2,2,1) (3,3,1) (5,5,2) (6,6,1)
    L2 H  (1,4,-5) (1,5,-2) (2,4,-1) (2,5,3) (3,3,2) (6,6,1)
  L1 C 10 6
    L2 S 5 1 1 1361
  L1 R
L0 C 2 7
  L1 S 1 0 0 1364
L0 C 3 7
  L1 S 2 0 0 1364
L0 C 4 7
  L1 S 2 1 0 1364
L0 C 5 7
  L1 S 1 1 0 1364
L0 C 6 7
  L1 S 0 1 0 1364
L0 C 7 7
  L1 C 9 7
    L2 C 11 7
      L3 C 8 7
        L4 C 10 7
          L5 H  (1,5,0) (2,6,0) (3,3,0) (4,4,0)
        L4 C 12 7
          L5 S 2 1 4 1380
        L4 C 10 6
          L5 C 12 6
            L6 C 13 6
              L7 C 16 6
                L8 H  (1,5,0) (2,2,0) (3,3,0) (4,6,0)
              L7 H  (1,5,1) (2,3,-1) (4,4,0) (6,6,0)
            L6 H  (1,2,-1) (3,5,0) (4,6,1)
          L5 C 17 -5
            L6 R
          L5 C 13 6
            L6 C 16 6
              L7 H  (1,5,0) (1,6,3) (2,5,-2) (2,3,-1) (3,4,0) (4,6,1)
            L6 H  (1,5,1) (2,3,-2) (4,4,0) (6,6,1)
          L5 H  (1,1,1) (2,2,-2) (3,5,-1) (4,4,0) (6,6,2)
        L4 C 12 6
          L5 S 2 1 4 1396
        L4 R
      L3 C 10 7
        L4 S 0 1 3 1399
      L3 C 12 7
        L4 S 4 0 3 1399
      L3 C 8 6
        L4 C 10 6
          L5 C 12 6
            L6 C 13 6
              L7 C 14 6
                L8 C 15 6
                  L9 C 16 6
                    L10 H  (1,5,0) (2,2,0) (3,3,0) (4,6,0)
                  L9 H  (1,5,1) (2,3,-1) (4,4,0) (6,6,0)
                L8 H  (1,5,0) (2,2,1) (3,3,0) (4,6,-1)
              L7 C 15 -5
                L8 R
              L7 C 16 6
                L8 H  (1,5,-1) (2,2,0) (3,3,1) (4,6,0)
              L7 H  (1,2,0) (1,5,0) (2,3,0) (3,4,0) (4,6,0) (5,6,1)
            L6 C 14 -5
              L7 R
            L6 C 18 -5
              L7 R
            L6 C 15 6
              L7 H  (1,2,-1) (3,5,0) (4,6,1)
            L6 H  (1,1,0) (2,2,0) (3,3,0) (4,5,0) (4,6,0) (5,6,1)
          L5 C 14 -5
            L6 R
          L5 C 17 -5
            L6 R
          L5 C 13 6
            L6 C 15 6
              L7 C 16 6
                L8 H  (1,5,0) (1,6,3) (2,5,-2) (2,3,-1) (3,4,0) (4,6,1)
              L7 H  (1,5,1) (2,3,-2) (4,4,0) (6,6,1)
            L6 H  (1,5,0) (1,6,3) (2,4,-1) (2,3,0) (3,6,1) (4,5,-2)
          L5 H  (1,1,1) (2,4,-2) (3,5,-1) (6,6,2)
        L4 C 12 6
          L5 S 2 1 4 1436
        L4 R
      L3 C 10 6
        L4 S 0 1 3 1439
      L3 R
    L2 C 11 6
      L3 C 10 7
        L4 C 12 7
          L5 C 8 7
            L6 S 1 0 2 1442
          L5 C 8 6
            L6 C 14 6
              L7 C 15 6
                L8 H  (1,2,0) (1,5,0) (2,3,0) (3,4,0) (4,6,0) (5,6,1)
              L7 H  (1,4,-1) (1,5,0) (2,2,1) (3,3,0) (4,6,-1) (5,6,1)
            L6 H  (1,2,-1) (1,5,-1) (2,4,0) (3,3,1) (4,6,0) (5,6,1)
          L5 C 14 6
            L6 H  (1,5,-1) (2,4,0) (2,6,2) (3,3,1) (4,6,-1)
          L5 H  (1,4,-3) (1,5,-2) (2,2,1) (3,3,2) (4,6,-1) (5,6,1)
        L4 C 18 -5
          L5 R
        L4 C 8 7
          L5 C 12 6
            L6 C 13 6
              L7 H  (1,1,0) (2,2,0) (3,3,0) (4,5,0) (4,6,0) (5,6,1)
            L6 H  (1,2,-1) (3,3,0) (4,5,0) (4,6,1) (5,6,2)
          L5 H  (1,1,1) (2,5,-2) (2,6,0) (3,5,-1) (3,4,0) (4,6,2)
        L4 C 12 6
          L5 C 8 6
            L6 C 13 6
              L7 C 14 6
                L8 C 15 6
                  L9 H  (1,1,0) (2,2,0) (3,3,0) (4,5,0) (4,6,0) (5,6,1)
                L8 H  (1,4,-1) (1,3,0) (2,2,1) (3,5,0) (4,6,-1) (5,6,1)
              L7 H  (1,1,-1) (2,2,0) (3,3,1) (4,5,0) (4,6,0) (5,6,1)
            L6 C 14 -5
              L7 R
            L6 C 15 6
              L7 H  (1,2,-1) (3,3,0) (4,5,0) (4,6,1) (5,6,2)
            L6 H  (1,4,-1) (1,2,0) (2,3,0) (3,5,0) (4,6,0) (5,6,2)
          L5 H  (1,3,0) (2,4,0) (2,6,2) (4,6,-1) (5,5,0)
        L4 C 8 -5
          L5 R
        L4 C 14 -5
          L5 R
        L4 C 17 -5
          L5 R
        L4 C 18 -6
          L5 R
        L4 C 13 6
          L5 H  (1,1,1) (2,4,-1) (3,5,-1) (6,6,1)
        L4 H  (1,1,1) (2,4,-2) (3,5,-1) (6,6,2)
      L3 C 12 7
        L4 S 2 1 3 1489
      L3 C 17 -5
        L4 R
      L3 C 18 -5
        L4 R
      L3 C 8 7
        L4 C 10 6
          L5 C 12 6
            L6 H  (1,1,0) (2,4,0) (2,6,0) (3,5,0) (4,6,1)
          L5 H  (1,1,1) (2,4,-1) (2,6,0) (3,5,-1) (4,6,2)
        L4 H  (1,3,-1) (1,4,1) (2,6,-1) (3,5,0) (4,5,3)
      L3 C 10 6
        L4 C 12 6
          L5 C 8 6
            L6 C 13 6
              L7 C 14 6
                L8 H  (1,1,0) (2,4,0) (3,5,0) (6,6,0)
              L7 H  (1,1,-1) (2,2,0) (3,5,1) (4,4,0) (6,6,0)
            L6 H  (1,1,0) (2,4,-1) (3,5,0) (6,6,1)
          L5 H  (1,4,-2) (1,3,0) (2,4,0) (2,3,3) (5,5,0) (6,6,0)
        L4 C 8 -5
          L5 R
        L4 C 14 -5
          L5 R
        L4 C 18 -6
          L5 R
        L4 C 13 6
          L5 H  (1,1,1) (2,4,-1) (3,5,-1) (6,6,1)
        L4 H  (1,1,1) (2,4,-2) (3,5,-1) (6,6,2)
      L3 C 12 6
        L4 S 2 1 3 1519
      L3 R
    L2 C 10 -5
      L3 R
    L2 C 12 -5
      L3 S 2 1 2 1524
    L2 C 8 7
      L3 H  (1,4,-2) (1,5,0) (2,2,0) (3,3,0) (4,6,0) (5,6,3)
    L2 C 10 7
      L3 C 12 7
        L4 C 8 6
          L5 S 3 0 2 1522
        L4 C 14 6
          L5 C 15 6
            L6 H  (1,4,-4) (1,5,-1) (2,2,1) (3,3,1) (4,6,-1) (5,6,3)
          L5 H  (1,4,-5) (1,5,-1) (2,2,2) (3,3,1) (4,6,-2) (5,6,3)
        L4 H  (1,4,-5) (1,5,-2) (2,2,1) (3,3,2) (4,6,-1) (5,6,3)
      L3 C 13 -5
        L4 R
      L3 C 18 -6
        L4 R
      L3 C 8 6
        L4 H  (1,3,-1) (2,4,-1) (2,6,2) (4,6,0) (5,5,1)
      L3 C 14 6
        L4 C 15 6
          L5 H  (1,4,-4) (1,2,-1) (2,6,3) (3,3,1) (4,6,-1) (5,5,1)
        L4 H  (1,4,-5) (1,3,-1) (2,2,2) (3,6,3) (4,6,-2) (5,5,1)
      L3 H  (1,4,-5) (1,2,-2) (2,6,3) (3,3,2) (4,6,-1) (5,5,1)
    L2 C 12 7
      L3 S 2 1 2 1548
    L2 H  (1,3,-1) (2,4,-1) (5,5,1) (6,6,1)
  L1 C 11 7
    L2 S 4 0 1 1551
  L1 C 10 7
    L2 C 8 7
      L3 S 1 0 1 1551
    L2 C 12 7
      L3 S 3 0 1 1551
    L2 C 8 6
      L3 C 15 -5
        L4 R
      L3 C 11 6
        L4 C 18 -5
          L5 R
        L4 C 9 6
          L5 C 12 6
            L6 C 13 6
              L7 C 14 6
                L8 H  (1,1,0) (2,2,0) (3,5,0) (4,6,0)
              L7 H  (1,1,-1) (2,2,0) (3,5,1) (3,6,2) (4,5,0) (4,6,0)
            L6 H  (1,2,-1) (3,5,0) (4,6,1)
          L5 H  (1,1,1) (2,4,-1) (2,6,0) (3,5,-1) (4,6,2)
        L4 C 12 6
          L5 S 3 0 4 1572
        L4 H  (1,2,-1) (1,6,3) (2,6,-1) (3,5,-1) (4,4,1)
      L3 H  (1,2,-1) (1,3,-1) (2,3,1) (4,6,0) (5,5,1)
    L2 C 9 6
      L3 S 1 1 2 1576
    L2 R
  L1 C 9 6
    L2 C 16 -5
      L3 R
    L2 C 11 6
      L3 C 17 -5
        L4 R
      L3 C 8 7
        L4 C 12 7
          L5 S 3 1 1 1551
        L4 C 18 -5
          L5 R
        L4 C 10 6
          L5 C 12 6
            L6 C 13 6
              L7 H  (1,1,0) (2,3,0) (2,4,0) (3,5,0) (4,6,1) (5,6,0)
            L6 H  (1,2,-1) (1,3,0) (2,4,-1) (3,5,0) (4,5,1) (6,6,1)
          L5 H  (1,1,1) (2,4,-1) (2,6,0) (3,5,-1) (4,6,2)
        L4 H  (1,3,-1) (2,6,-1) (4,4,1) (5,5,1)
      L3 C 12 7
        L4 S 4 1 3 1597
      L3 C 15 -5
        L4 R
      L3 C 18 -5
        L4 R
      L3 C 10 6
        L4 C 8 6
          L5 C 12 6
            L6 H  (1,2,0) (1,3,0) (2,6,0) (3,6,1) (4,4,0) (5,5,0)
          L5 H  (1,1,1) (2,5,-2) (2,6,0) (3,5,-1) (3,4,0) (4,6,2)
        L4 H  (1,4,-2) (1,3,0) (2,2,1) (3,6,2) (4,5,-1) (5,6,0)
      L3 H  (1,3,-1) (2,6,-1) (4,4,1) (5,5,1)
    L2 C 10 -5
      L3 R
    L2 C 8 7
      L3 S 1 0 2 1612
    L2 C 12 -5
      L3 R
    L2 C 15 -5
      L3 R
    L2 C 17 -6
      L3 R
    L2 C 8 6
      L3 H  (1,3,-1) (1,5,0) (2,4,-1) (3,5,2) (6,6,1)
    L2 C 15 -6
      L3 R
    L2 C 12 7
      L3 C 14 6
        L4 H  (1,4,-4) (1,5,-1) (2,4,-1) (2,5,3) (3,3,1) (6,6,1)
      L3 H  (1,4,-5) (1,5,-2) (2,4,-1) (2,5,3) (3,3,2) (6,6,1)
    L2 H  (1,4,-4) (1,3,-1) (2,4,-1) (2,3,3) (5,5,1) (6,6,1)
  L1 C 11 6
    L2 S 4 1 1 1629
  L1 R
L0 C 8 7
  L1 S 1 0 0 1632
L0 C 9 7
  L1 S 2 0 0 1632
L0 C 10 7
  L1 S 1 1 0 1632
L0 C 11 7
  L1 S 0 1 0 1632
L0 C 12 7
  L1 S 5 0 0 1632
L0 C 7 6
  L1 C 13 -5
    L2 R
  L1 C 14 -5
    L2 R
  L1 C 9 6
    L2 C 15 -5
      L3 R
    L2 C 16 -5
      L3 R
    L2 C 11 6
      L3 H  (1,2,0) (3,4,0) (5,6,0)
    L2 H  (1,2,-1) (3,4,-1) (5,5,1) (6,6,1)
  L1 H  (1,2,-1) (3,3,1) (4,4,1) (5,6,-1)
L0 H  (1,1,1) (2,2,1) (3,4,-1) (5,6,-1)
Q.E.D.